0 -17.4814
0.00134 -17.4814
0.00268 -17.4811
0.00402 -17.4806
0.00536 -17.4797
0.0067 -17.4786
0.00804 -17.4772
0.00938 -17.4755
0.01072 -17.4735
0.01206 -17.4713
0.0134 -17.4687
0.01474 -17.4659
0.01608 -17.4628
0.01742 -17.4594
0.01876 -17.4557
0.0201 -17.4518
0.02144 -17.4475
0.02278 -17.443
0.02412 -17.4381
0.02546 -17.433
0.0268 -17.4276
0.02814 -17.4219
0.02948 -17.4159
0.03082 -17.4096
0.03216 -17.4031
0.0335 -17.3962
0.03484 -17.389
0.03618 -17.3816
0.03752 -17.3738
0.03886 -17.3658
0.0402 -17.3574
0.04154 -17.3488
0.04288 -17.3398
0.04422 -17.3305
0.04556 -17.321
0.0469 -17.3111
0.04824 -17.3009
0.04958 -17.2904
0.05092 -17.2796
0.05226 -17.2685
0.0536 -17.257
0.05494 -17.2453
0.05628 -17.2332
0.05762 -17.2208
0.05896 -17.2081
0.0603 -17.1951
0.06164 -17.1817
0.06298 -17.168
0.06432 -17.154
0.06566 -17.1396
0.067 -17.1249
0.06834 -17.1099
0.06968 -17.0945
0.07102 -17.0788
0.07236 -17.0628
0.0737 -17.0464
0.07504 -17.0297
0.07638 -17.0126
0.07772 -16.9951
0.07906 -16.9773
0.0804 -16.9592
0.08174 -16.9407
0.08308 -16.9218
0.08442 -16.9026
0.08576 -16.883
0.0871 -16.863
0.08844 -16.8427
0.08978 -16.8219
0.09112 -16.8008
0.09246 -16.7794
0.0938 -16.7575
0.09514 -16.7353
0.09648 -16.7127
0.09782 -16.6896
0.09916 -16.6662
0.1005 -16.6424
0.10184 -16.6182
0.10318 -16.5936
0.10452 -16.5686
0.10586 -16.5432
0.1072 -16.5174
0.10854 -16.4911
0.10988 -16.4645
0.11122 -16.4374
0.11256 -16.4099
0.1139 -16.382
0.11524 -16.3536
0.11658 -16.3249
0.11792 -16.2957
0.11926 -16.266
0.1206 -16.2359
0.12194 -16.2054
0.12328 -16.1744
0.12462 -16.143
0.12596 -16.1111
0.1273 -16.0788
0.12864 -16.046
0.12998 -16.0127
0.13132 -15.979
0.13266 -15.9448
0.134 -15.9102
0.13534 -15.875
0.13668 -15.8394
0.13802 -15.8033
0.13936 -15.7668
0.1407 -15.7297
0.14204 -15.6922
0.14338 -15.6541
0.14472 -15.6156
0.14606 -15.5766
0.1474 -15.5371
0.14874 -15.497
0.15008 -15.4565
0.15142 -15.4154
0.15276 -15.3739
0.1541 -15.3318
0.15544 -15.2892
0.15678 -15.2461
0.15812 -15.2024
0.15946 -15.1582
0.1608 -15.1135
0.16214 -15.0683
0.16348 -15.0225
0.16482 -14.9762
0.16616 -14.9293
0.1675 -14.8819
0.16884 -14.834
0.17018 -14.7855
0.17152 -14.7364
0.17286 -14.6868
0.1742 -14.6366
0.17554 -14.5859
0.17688 -14.5346
0.17822 -14.4827
0.17956 -14.4303
0.1809 -14.3773
0.18224 -14.3237
0.18358 -14.2696
0.18492 -14.2149
0.18626 -14.1596
0.1876 -14.1037
0.18894 -14.0472
0.19028 -13.9901
0.19162 -13.9325
0.19296 -13.8743
0.1943 -13.8154
0.19564 -13.756
0.19698 -13.696
0.19832 -13.6354
0.19966 -13.5742
0.201 -13.5123
0.20234 -13.4499
0.20368 -13.3869
0.20502 -13.3233
0.20636 -13.259
0.2077 -13.1942
0.20904 -13.1287
0.21038 -13.0626
0.21172 -12.996
0.21306 -12.9287
0.2144 -12.8608
0.21574 -12.7922
0.21708 -12.7231
0.21842 -12.6533
0.21976 -12.5829
0.2211 -12.512
0.22244 -12.4403
0.22378 -12.3681
0.22512 -12.2953
0.22646 -12.2218
0.2278 -12.1477
0.22914 -12.073
0.23048 -11.9976
0.23182 -11.9217
0.23316 -11.8451
0.2345 -11.7679
0.23584 -11.6901
0.23718 -11.6116
0.23852 -11.5326
0.23986 -11.4529
0.2412 -11.3726
0.24254 -11.2917
0.24388 -11.2102
0.24522 -11.128
0.24656 -11.0453
0.2479 -10.9619
0.24924 -10.8779
0.25058 -10.7933
0.25192 -10.7081
0.25326 -10.6223
0.2546 -10.5359
0.25594 -10.4489
0.25728 -10.3613
0.25862 -10.273
0.25996 -10.1842
0.2613 -10.0948
0.26264 -10.0048
0.26398 -9.91417
0.26532 -9.82297
0.26666 -9.73118
0.268 -9.63881
0.26934 -9.54586
0.27068 -9.45233
0.27202 -9.35822
0.27336 -9.26354
0.2747 -9.16829
0.27604 -9.07247
0.27738 -8.97609
0.27872 -8.87915
0.28006 -8.78165
0.2814 -8.68361
0.28274 -8.58501
0.28408 -8.48587
0.28542 -8.38618
0.28676 -8.28596
0.2881 -8.18521
0.28944 -8.08393
0.29078 -7.98212
0.29212 -7.8798
0.29346 -7.77696
0.2948 -7.67361
0.29614 -7.56976
0.29748 -7.46541
0.29882 -7.36056
0.30016 -7.25522
0.3015 -7.1494
0.30284 -7.04309
0.30418 -6.93632
0.30552 -6.82907
0.30686 -6.72137
0.3082 -6.6132
0.30954 -6.50459
0.31088 -6.39553
0.31222 -6.28603
0.31356 -6.1761
0.3149 -6.06574
0.31624 -5.95497
0.31758 -5.84378
0.31892 -5.73218
0.32026 -5.62018
0.3216 -5.50778
0.32294 -5.395
0.32428 -5.28184
0.32562 -5.16831
0.32696 -5.05441
0.3283 -4.94015
0.32964 -4.82553
0.33098 -4.71058
0.33232 -4.59528
0.33366 -4.47966
0.335 -4.36371
0.33634 -4.24745
0.33768 -4.13088
0.33902 -4.01401
0.34036 -3.89685
0.3417 -3.7794
0.34304 -3.66168
0.34438 -3.5437
0.34572 -3.42545
0.34706 -3.30695
0.3484 -3.1882
0.34974 -3.06923
0.35108 -2.95002
0.35242 -2.83059
0.35376 -2.71096
0.3551 -2.59112
0.35644 -2.47109
0.35778 -2.35088
0.35912 -2.23048
0.36046 -2.10993
0.3618 -1.98921
0.36314 -1.86834
0.36448 -1.74733
0.36582 -1.62619
0.36716 -1.50492
0.3685 -1.38354
0.36984 -1.26205
0.37118 -1.14046
0.37252 -1.01879
0.37386 -0.897036
0.3752 -0.775212
0.37654 -0.653326
0.37788 -0.531388
0.37922 -0.409406
0.38056 -0.28739
0.3819 -0.165348
0.38324 -0.0432892
0.38458 0.0787769
0.38592 0.200841
0.38726 0.322895
0.3886 0.44493
0.38994 0.566935
0.39128 0.688903
0.39262 0.810825
0.39396 0.93269
0.3953 1.05449
0.39664 1.17622
0.39798 1.29786
0.39932 1.41942
0.40066 1.54087
0.402 1.66221
0.40334 1.78344
0.40468 1.90454
0.40602 2.0255
0.40736 2.14632
0.4087 2.26698
0.41004 2.38748
0.41138 2.50782
0.41272 2.62797
0.41406 2.74793
0.4154 2.8677
0.41674 2.98726
0.41808 3.10661
0.41942 3.22574
0.42076 3.34464
0.4221 3.4633
0.42344 3.58171
0.42478 3.69986
0.42612 3.81776
0.42746 3.93538
0.4288 4.05273
0.43014 4.16978
0.43148 4.28654
0.43282 4.403
0.43416 4.51915
0.4355 4.63498
0.43684 4.75049
0.43818 4.86566
0.43952 4.98049
0.44086 5.09498
0.4422 5.20911
0.44354 5.32287
0.44488 5.43627
0.44622 5.54929
0.44756 5.66193
0.4489 5.77417
0.45024 5.88602
0.45158 5.99747
0.45292 6.1085
0.45426 6.21912
0.4556 6.32931
0.45694 6.43908
0.45828 6.54841
0.45962 6.65729
0.46096 6.76573
0.4623 6.87372
0.46364 6.98124
0.46498 7.0883
0.46632 7.19489
0.46766 7.301
0.469 7.40663
0.47034 7.51177
0.47168 7.61642
0.47302 7.72057
0.47436 7.82422
0.4757 7.92736
0.47704 8.02998
0.47838 8.13209
0.47972 8.23368
0.48106 8.33474
0.4824 8.43526
0.48374 8.53526
0.48508 8.63471
0.48642 8.73362
0.48776 8.83198
0.4891 8.92979
0.49044 9.02704
0.49178 9.12374
0.49312 9.21987
0.49446 9.31544
0.4958 9.41044
0.49714 9.50486
0.49848 9.59871
0.49982 9.69198
0.50116 9.78466
0.5025 9.87677
0.50384 9.96828
0.50518 10.0592
0.50652 10.1495
0.50786 10.2393
0.5092 10.3284
0.51054 10.417
0.51188 10.5049
0.51322 10.5922
0.51456 10.679
0.5159 10.7651
0.51724 10.8506
0.51858 10.9355
0.51992 11.0198
0.52126 11.1035
0.5226 11.1865
0.52394 11.269
0.52528 11.3508
0.52662 11.432
0.52796 11.5126
0.5293 11.5926
0.53064 11.672
0.53198 11.7507
0.53332 11.8288
0.53466 11.9063
0.536 11.9832
0.53734 12.0594
0.53868 12.135
0.54002 12.21
0.54136 12.2844
0.5427 12.3582
0.54404 12.4313
0.54538 12.5038
0.54672 12.5757
0.54806 12.647
0.5494 12.7176
0.55074 12.7876
0.55208 12.8571
0.55342 12.9258
0.55476 12.994
0.5561 13.0616
0.55744 13.1285
0.55878 13.1948
0.56012 13.2605
0.56146 13.3256
0.5628 13.3901
0.56414 13.454
0.56548 13.5173
0.56682 13.5799
0.56816 13.642
0.5695 13.7034
0.57084 13.7643
0.57218 13.8245
0.57352 13.8842
0.57486 13.9432
0.5762 14.0017
0.57754 14.0596
0.57888 14.1168
0.58022 14.1735
0.58156 14.2296
0.5829 14.2851
0.58424 14.3401
0.58558 14.3944
0.58692 14.4482
0.58826 14.5014
0.5896 14.554
0.59094 14.6061
0.59228 14.6575
0.59362 14.7085
0.59496 14.7588
0.5963 14.8086
0.59764 14.8578
0.59898 14.9065
0.60032 14.9547
0.60166 15.0022
0.603 15.0493
0.60434 15.0957
0.60568 15.1417
0.60702 15.1871
0.60836 15.232
0.6097 15.2763
0.61104 15.3201
0.61238 15.3634
0.61372 15.4061
0.61506 15.4484
0.6164 15.4901
0.61774 15.5313
0.61908 15.572
0.62042 15.6121
0.62176 15.6518
0.6231 15.691
0.62444 15.7296
0.62578 15.7678
0.62712 15.8055
0.62846 15.8427
0.6298 15.8794
0.63114 15.9156
0.63248 15.9513
0.63382 15.9866
0.63516 16.0213
0.6365 16.0556
0.63784 16.0895
0.63918 16.1229
0.64052 16.1558
0.64186 16.1882
0.6432 16.2202
0.64454 16.2517
0.64588 16.2828
0.64722 16.3135
0.64856 16.3437
0.6499 16.3734
0.65124 16.4028
0.65258 16.4316
0.65392 16.4601
0.65526 16.4881
0.6566 16.5157
0.65794 16.5429
0.65928 16.5697
0.66062 16.596
0.66196 16.6219
0.6633 16.6474
0.66464 16.6726
0.66598 16.6973
0.66732 16.7216
0.66866 16.7455
0.67 16.769
0.67134 16.7921
0.67268 16.8148
0.67402 16.8372
0.67536 16.8591
0.6767 16.8807
0.67804 16.9019
0.67938 16.9227
0.68072 16.9432
0.68206 16.9632
0.6834 16.9829
0.68474 17.0023
0.68608 17.0213
0.68742 17.0399
0.68876 17.0581
0.6901 17.076
0.69144 17.0936
0.69278 17.1108
0.69412 17.1276
0.69546 17.1441
0.6968 17.1603
0.69814 17.1761
0.69948 17.1916
0.70082 17.2068
0.70216 17.2216
0.7035 17.236
0.70484 17.2502
0.70618 17.264
0.70752 17.2775
0.70886 17.2907
0.7102 17.3035
0.71154 17.316
0.71288 17.3282
0.71422 17.3401
0.71556 17.3517
0.7169 17.363
0.71824 17.3739
0.71958 17.3846
0.72092 17.3949
0.72226 17.4049
0.7236 17.4147
0.72494 17.4241
0.72628 17.4332
0.72762 17.442
0.72896 17.4505
0.7303 17.4588
0.73164 17.4667
0.73298 17.4743
0.73432 17.4816
0.73566 17.4887
0.737 17.4954
0.73834 17.5019
0.73968 17.5081
0.74102 17.514
0.74236 17.5196
0.7437 17.5249
0.74504 17.5299
0.74638 17.5346
0.74772 17.5391
0.74906 17.5433
0.7504 17.5472
0.75174 17.5508
0.75308 17.5541
0.75442 17.5572
0.75576 17.5599
0.7571 17.5624
0.75844 17.5646
0.75978 17.5665
0.76112 17.5682
0.76246 17.5696
0.7638 17.5707
0.76514 17.5715
0.76648 17.572
0.76782 17.5723
0.76916 17.5723
0.7705 17.572
0.77184 17.5714
0.77318 17.5706
0.77452 17.5694
0.77586 17.568
0.7772 17.5663
0.77854 17.5644
0.77988 17.5621
0.78122 17.5596
0.78256 17.5568
0.7839 17.5537
0.78524 17.5504
0.78658 17.5467
0.78792 17.5428
0.78926 17.5386
0.7906 17.5341
0.79194 17.5293
0.79328 17.5243
0.79462 17.5189
0.79596 17.5133
0.7973 17.5074
0.79864 17.5012
0.79998 17.4947
0.80132 17.4879
0.80266 17.4808
0.804 17.4734
0.80534 17.4658
0.80668 17.4578
0.80802 17.4495
0.80936 17.441
0.8107 17.4321
0.81204 17.423
0.81338 17.4135
0.81472 17.4037
0.81606 17.3937
0.8174 17.3833
0.81874 17.3726
0.82008 17.3616
0.82142 17.3503
0.82276 17.3387
0.8241 17.3268
0.82544 17.3145
0.82678 17.3019
0.82812 17.289
0.82946 17.2758
0.8308 17.2623
0.83214 17.2484
0.83348 17.2342
0.83482 17.2197
0.83616 17.2048
0.8375 17.1896
0.83884 17.1741
0.84018 17.1582
0.84152 17.142
0.84286 17.1254
0.8442 17.1085
0.84554 17.0913
0.84688 17.0737
0.84822 17.0557
0.84956 17.0374
0.8509 17.0187
0.85224 16.9997
0.85358 16.9803
0.85492 16.9605
0.85626 16.9404
0.8576 16.9198
0.85894 16.899
0.86028 16.8777
0.86162 16.856
0.86296 16.834
0.8643 16.8116
0.86564 16.7888
0.86698 16.7656
0.86832 16.742
0.86966 16.718
0.871 16.6936
0.87234 16.6689
0.87368 16.6437
0.87502 16.6181
0.87636 16.592
0.8777 16.5656
0.87904 16.5388
0.88038 16.5115
0.88172 16.4838
0.88306 16.4557
0.8844 16.4271
0.88574 16.3981
0.88708 16.3687
0.88842 16.3389
0.88976 16.3086
0.8911 16.2778
0.89244 16.2466
0.89378 16.215
0.89512 16.1829
0.89646 16.1503
0.8978 16.1173
0.89914 16.0838
0.90048 16.0498
0.90182 16.0154
0.90316 15.9805
0.9045 15.9451
0.90584 15.9092
0.90718 15.8729
0.90852 15.8361
0.90986 15.7987
0.9112 15.7609
0.91254 15.7226
0.91388 15.6838
0.91522 15.6445
0.91656 15.6047
0.9179 15.5643
0.91924 15.5235
0.92058 15.4821
0.92192 15.4403
0.92326 15.3979
0.9246 15.3549
0.92594 15.3115
0.92728 15.2675
0.92862 15.223
0.92996 15.1779
0.9313 15.1323
0.93264 15.0862
0.93398 15.0395
0.93532 14.9923
0.93666 14.9445
0.938 14.8962
0.93934 14.8473
0.94068 14.7979
0.94202 14.7479
0.94336 14.6973
0.9447 14.6462
0.94604 14.5945
0.94738 14.5422
0.94872 14.4893
0.95006 14.4359
0.9514 14.3819
0.95274 14.3273
0.95408 14.2721
0.95542 14.2163
0.95676 14.16
0.9581 14.103
0.95944 14.0455
0.96078 13.9874
0.96212 13.9286
0.96346 13.8693
0.9648 13.8094
0.96614 13.7488
0.96748 13.6877
0.96882 13.6259
0.97016 13.5636
0.9715 13.5006
0.97284 13.437
0.97418 13.3728
0.97552 13.308
0.97686 13.2426
0.9782 13.1766
0.97954 13.1099
0.98088 13.0426
0.98222 12.9747
0.98356 12.9062
0.9849 12.8371
0.98624 12.7673
0.98758 12.6969
0.98892 12.6259
0.99026 12.5542
0.9916 12.4819
0.99294 12.409
0.99428 12.3355
0.99562 12.2614
0.99696 12.1866
0.9983 12.1111
0.99964 12.0351
1.00098 11.9584
1.00232 11.8811
1.00366 11.8032
1.005 11.7247
1.00634 11.6455
1.00768 11.5657
1.00902 11.4852
1.01036 11.4042
1.0117 11.3225
1.01304 11.2402
1.01438 11.1572
1.01572 11.0737
1.01706 10.9895
1.0184 10.9047
1.01974 10.8193
1.02108 10.7332
1.02242 10.6466
1.02376 10.5593
1.0251 10.4715
1.02644 10.383
1.02778 10.2939
1.02912 10.2042
1.03046 10.1139
1.0318 10.023
1.03314 9.93148
1.03448 9.83938
1.03582 9.74668
1.03716 9.6534
1.0385 9.55952
1.03984 9.46506
1.04118 9.37002
1.04252 9.2744
1.04386 9.1782
1.0452 9.08143
1.04654 8.98409
1.04788 8.88618
1.04922 8.78771
1.05056 8.68869
1.0519 8.5891
1.05324 8.48897
1.05458 8.38829
1.05592 8.28707
1.05726 8.18531
1.0586 8.08302
1.05994 7.9802
1.06128 7.87685
1.06262 7.77298
1.06396 7.6686
1.0653 7.56371
1.06664 7.45832
1.06798 7.35242
1.06932 7.24603
1.07066 7.13916
1.072 7.0318
1.07334 6.92396
1.07468 6.81565
1.07602 6.70687
1.07736 6.59763
1.0787 6.48794
1.08004 6.3778
1.08138 6.26722
1.08272 6.1562
1.08406 6.04475
1.0854 5.93288
1.08674 5.82059
1.08808 5.7079
1.08942 5.5948
1.09076 5.4813
1.0921 5.36742
1.09344 5.25315
1.09478 5.13851
1.09612 5.0235
1.09746 4.90813
1.0988 4.7924
1.10014 4.67633
1.10148 4.55993
1.10282 4.44319
1.10416 4.32613
1.1055 4.20875
1.10684 4.09106
1.10818 3.97308
1.10952 3.8548
1.11086 3.73625
1.1122 3.61741
1.11354 3.49831
1.11488 3.37895
1.11622 3.25933
1.11756 3.13948
1.1189 3.01939
1.12024 2.89908
1.12158 2.77855
1.12292 2.65781
1.12426 2.53687
1.1256 2.41574
1.12694 2.29442
1.12828 2.17294
1.12962 2.05128
1.13096 1.92948
1.1323 1.80752
1.13364 1.68543
1.13498 1.5632
1.13632 1.44086
1.13766 1.3184
1.139 1.19585
1.14034 1.0732
1.14168 0.950462
1.14302 0.827652
1.14436 0.704775
1.1457 0.581842
1.14704 0.458862
1.14838 0.335842
1.14972 0.212794
1.15106 0.0897246
1.1524 -0.0333554
1.15374 -0.156437
1.15508 -0.279512
1.15642 -0.40257
1.15776 -0.525602
1.1591 -0.648599
1.16044 -0.771552
1.16178 -0.894452
1.16312 -1.01729
1.16446 -1.14006
1.1658 -1.26274
1.16714 -1.38534
1.16848 -1.50783
1.16982 -1.63022
1.17116 -1.7525
1.1725 -1.87464
1.17384 -1.99665
1.17518 -2.11852
1.17652 -2.24024
1.17786 -2.36179
1.1792 -2.48317
1.18054 -2.60438
1.18188 -2.72539
1.18322 -2.84621
1.18456 -2.96682
1.1859 -3.08722
1.18724 -3.2074
1.18858 -3.32735
1.18992 -3.44706
1.19126 -3.56652
1.1926 -3.68572
1.19394 -3.80466
1.19528 -3.92332
1.19662 -4.04171
1.19796 -4.15981
1.1993 -4.27761
1.20064 -4.3951
1.20198 -4.51228
1.20332 -4.62914
1.20466 -4.74568
1.206 -4.86188
1.20734 -4.97773
1.20868 -5.09323
1.21002 -5.20838
1.21136 -5.32316
1.2127 -5.43756
1.21404 -5.55159
1.21538 -5.66523
1.21672 -5.77847
1.21806 -5.89132
1.2194 -6.00375
1.22074 -6.11577
1.22208 -6.22737
1.22342 -6.33855
1.22476 -6.44928
1.2261 -6.55958
1.22744 -6.66943
1.22878 -6.77883
1.23012 -6.88776
1.23146 -6.99624
1.2328 -7.10424
1.23414 -7.21176
1.23548 -7.31881
1.23682 -7.42536
1.23816 -7.53142
1.2395 -7.63699
1.24084 -7.74204
1.24218 -7.84659
1.24352 -7.95063
1.24486 -8.05415
1.2462 -8.15714
1.24754 -8.2596
1.24888 -8.36153
1.25022 -8.46293
1.25156 -8.56378
1.2529 -8.66408
1.25424 -8.76383
1.25558 -8.86303
1.25692 -8.96167
1.25826 -9.05975
1.2596 -9.15726
1.26094 -9.2542
1.26228 -9.35057
1.26362 -9.44636
1.26496 -9.54158
1.2663 -9.6362
1.26764 -9.73025
1.26898 -9.8237
1.27032 -9.91656
1.27166 -10.0088
1.273 -10.1005
1.27434 -10.1916
1.27568 -10.282
1.27702 -10.3719
1.27836 -10.4611
1.2797 -10.5498
1.28104 -10.6378
1.28238 -10.7252
1.28372 -10.812
1.28506 -10.8982
1.2864 -10.9838
1.28774 -11.0687
1.28908 -11.1531
1.29042 -11.2368
1.29176 -11.3199
1.2931 -11.4023
1.29444 -11.4841
1.29578 -11.5653
1.29712 -11.6459
1.29846 -11.7259
1.2998 -11.8052
1.30114 -11.8839
1.30248 -11.9619
1.30382 -12.0394
1.30516 -12.1162
1.3065 -12.1923
1.30784 -12.2679
1.30918 -12.3428
1.31052 -12.4171
1.31186 -12.4907
1.3132 -12.5637
1.31454 -12.6361
1.31588 -12.7079
1.31722 -12.779
1.31856 -12.8495
1.3199 -12.9194
1.32124 -12.9886
1.32258 -13.0573
1.32392 -13.1253
1.32526 -13.1927
1.3266 -13.2594
1.32794 -13.3255
1.32928 -13.3911
1.33062 -13.456
1.33196 -13.5202
1.3333 -13.5839
1.33464 -13.6469
1.33598 -13.7094
1.33732 -13.7712
1.33866 -13.8324
1.34 -13.893
1.34134 -13.953
1.34268 -14.0124
1.34402 -14.0712
1.34536 -14.1294
1.3467 -14.187
1.34804 -14.244
1.34938 -14.3004
1.35072 -14.3563
1.35206 -14.4115
1.3534 -14.4661
1.35474 -14.5202
1.35608 -14.5737
1.35742 -14.6266
1.35876 -14.6789
1.3601 -14.7306
1.36144 -14.7818
1.36278 -14.8324
1.36412 -14.8825
1.36546 -14.9319
1.3668 -14.9809
1.36814 -15.0292
1.36948 -15.077
1.37082 -15.1243
1.37216 -15.171
1.3735 -15.2171
1.37484 -15.2627
1.37618 -15.3078
1.37752 -15.3523
1.37886 -15.3963
1.3802 -15.4398
1.38154 -15.4827
1.38288 -15.5251
1.38422 -15.567
1.38556 -15.6084
1.3869 -15.6492
1.38824 -15.6896
1.38958 -15.7294
1.39092 -15.7687
1.39226 -15.8075
1.3936 -15.8458
1.39494 -15.8836
1.39628 -15.921
1.39762 -15.9578
1.39896 -15.9941
1.4003 -16.03
1.40164 -16.0654
1.40298 -16.1003
1.40432 -16.1347
1.40566 -16.1686
1.407 -16.2021
1.40834 -16.2351
1.40968 -16.2677
1.41102 -16.2998
1.41236 -16.3314
1.4137 -16.3626
1.41504 -16.3934
1.41638 -16.4237
1.41772 -16.4535
1.41906 -16.4829
1.4204 -16.5119
1.42174 -16.5404
1.42308 -16.5685
1.42442 -16.5962
1.42576 -16.6235
1.4271 -16.6503
1.42844 -16.6767
1.42978 -16.7027
1.43112 -16.7283
1.43246 -16.7535
1.4338 -16.7783
1.43514 -16.8027
1.43648 -16.8267
1.43782 -16.8502
1.43916 -16.8734
1.4405 -16.8962
1.44184 -16.9186
1.44318 -16.9407
1.44452 -16.9623
1.44586 -16.9836
1.4472 -17.0045
1.44854 -17.025
1.44988 -17.0451
1.45122 -17.0649
1.45256 -17.0843
1.4539 -17.1033
1.45524 -17.122
1.45658 -17.1404
1.45792 -17.1583
1.45926 -17.1759
1.4606 -17.1932
1.46194 -17.2101
1.46328 -17.2267
1.46462 -17.243
1.46596 -17.2589
1.4673 -17.2744
1.46864 -17.2896
1.46998 -17.3045
1.47132 -17.3191
1.47266 -17.3333
1.474 -17.3472
1.47534 -17.3608
1.47668 -17.374
1.47802 -17.387
1.47936 -17.3996
1.4807 -17.4119
1.48204 -17.4239
1.48338 -17.4355
1.48472 -17.4469
1.48606 -17.4579
1.4874 -17.4687
1.48874 -17.4791
1.49008 -17.4893
1.49142 -17.4991
1.49276 -17.5086
1.4941 -17.5179
1.49544 -17.5268
1.49678 -17.5354
1.49812 -17.5438
1.49946 -17.5518
1.5008 -17.5596
1.50214 -17.567
1.50348 -17.5742
1.50482 -17.5811
1.50616 -17.5877
1.5075 -17.594
1.50884 -17.6
1.51018 -17.6058
1.51152 -17.6112
1.51286 -17.6164
1.5142 -17.6213
1.51554 -17.6259
1.51688 -17.6303
1.51822 -17.6343
1.51956 -17.6381
1.5209 -17.6416
1.52224 -17.6449
1.52358 -17.6478
1.52492 -17.6505
1.52626 -17.6529
1.5276 -17.655
1.52894 -17.6569
1.53028 -17.6584
1.53162 -17.6597
1.53296 -17.6608
1.5343 -17.6615
1.53564 -17.662
1.53698 -17.6622
1.53832 -17.6621
1.53966 -17.6618
1.541 -17.6612
1.54234 -17.6603
1.54368 -17.6591
1.54502 -17.6577
1.54636 -17.656
1.5477 -17.654
1.54904 -17.6517
1.55038 -17.6492
1.55172 -17.6464
1.55306 -17.6433
1.5544 -17.6399
1.55574 -17.6363
1.55708 -17.6324
1.55842 -17.6282
1.55976 -17.6237
1.5611 -17.6189
1.56244 -17.6139
1.56378 -17.6086
1.56512 -17.603
1.56646 -17.5971
1.5678 -17.5909
1.56914 -17.5845
1.57048 -17.5777
1.57182 -17.5707
1.57316 -17.5634
1.5745 -17.5558
1.57584 -17.5479
1.57718 -17.5397
1.57852 -17.5312
1.57986 -17.5224
1.5812 -17.5133
1.58254 -17.5039
1.58388 -17.4942
1.58522 -17.4842
1.58656 -17.474
1.5879 -17.4634
1.58924 -17.4525
1.59058 -17.4413
1.59192 -17.4297
1.59326 -17.4179
1.5946 -17.4058
1.59594 -17.3933
1.59728 -17.3805
1.59862 -17.3674
1.59996 -17.354
1.6013 -17.3402
1.60264 -17.3262
1.60398 -17.3118
1.60532 -17.297
1.60666 -17.282
1.608 -17.2666
1.60934 -17.2508
1.61068 -17.2348
1.61202 -17.2183
1.61336 -17.2016
1.6147 -17.1845
1.61604 -17.167
1.61738 -17.1492
1.61872 -17.131
1.62006 -17.1125
1.6214 -17.0936
1.62274 -17.0744
1.62408 -17.0548
1.62542 -17.0348
1.62676 -17.0144
1.6281 -16.9937
1.62944 -16.9726
1.63078 -16.9511
1.63212 -16.9293
1.63346 -16.907
1.6348 -16.8844
1.63614 -16.8614
1.63748 -16.838
1.63882 -16.8142
1.64016 -16.79
1.6415 -16.7653
1.64284 -16.7403
1.64418 -16.7149
1.64552 -16.6891
1.64686 -16.6628
1.6482 -16.6361
1.64954 -16.6091
1.65088 -16.5815
1.65222 -16.5536
1.65356 -16.5252
1.6549 -16.4964
1.65624 -16.4672
1.65758 -16.4375
1.65892 -16.4074
1.66026 -16.3768
1.6616 -16.3458
1.66294 -16.3144
1.66428 -16.2824
1.66562 -16.25
1.66696 -16.2172
1.6683 -16.1839
1.66964 -16.1501
1.67098 -16.1159
1.67232 -16.0811
1.67366 -16.0459
1.675 -16.0102
1.67634 -15.9741
1.67768 -15.9374
1.67902 -15.9003
1.68036 -15.8626
1.6817 -15.8245
1.68304 -15.7858
1.68438 -15.7467
1.68572 -15.707
1.68706 -15.6668
1.6884 -15.6262
1.68974 -15.5849
1.69108 -15.5432
1.69242 -15.501
1.69376 -15.4582
1.6951 -15.4149
1.69644 -15.3711
1.69778 -15.3267
1.69912 -15.2818
1.70046 -15.2363
1.7018 -15.1903
1.70314 -15.1438
1.70448 -15.0967
1.70582 -15.049
1.70716 -15.0008
1.7085 -14.952
1.70984 -14.9027
1.71118 -14.8528
1.71252 -14.8023
1.71386 -14.7513
1.7152 -14.6997
1.71654 -14.6475
1.71788 -14.5947
1.71922 -14.5414
1.72056 -14.4874
1.7219 -14.4329
1.72324 -14.3778
1.72458 -14.3221
1.72592 -14.2658
1.72726 -14.2089
1.7286 -14.1514
1.72994 -14.0933
1.73128 -14.0346
1.73262 -13.9753
1.73396 -13.9154
1.7353 -13.8549
1.73664 -13.7938
1.73798 -13.732
1.73932 -13.6697
1.74066 -13.6067
1.742 -13.5431
1.74334 -13.4789
1.74468 -13.4141
1.74602 -13.3486
1.74736 -13.2825
1.7487 -13.2158
1.75004 -13.1485
1.75138 -13.0805
1.75272 -13.0119
1.75406 -12.9427
1.7554 -12.8729
1.75674 -12.8024
1.75808 -12.7313
1.75942 -12.6595
1.76076 -12.5871
1.7621 -12.5141
1.76344 -12.4405
1.76478 -12.3662
1.76612 -12.2913
1.76746 -12.2157
1.7688 -12.1395
1.77014 -12.0627
1.77148 -11.9852
1.77282 -11.9071
1.77416 -11.8284
1.7755 -11.749
1.77684 -11.669
1.77818 -11.5883
1.77952 -11.507
1.78086 -11.4251
1.7822 -11.3426
1.78354 -11.2594
1.78488 -11.1756
1.78622 -11.0912
1.78756 -11.0061
1.7889 -10.9204
1.79024 -10.8341
1.79158 -10.7471
1.79292 -10.6596
1.79426 -10.5714
1.7956 -10.4826
1.79694 -10.3931
1.79828 -10.3031
1.79962 -10.2124
1.80096 -10.1212
1.8023 -10.0293
1.80364 -9.93682
1.80498 -9.84374
1.80632 -9.75006
1.80766 -9.65578
1.809 -9.5609
1.81034 -9.46543
1.81168 -9.36938
1.81302 -9.27273
1.81436 -9.17551
1.8157 -9.0777
1.81704 -8.97932
1.81838 -8.88037
1.81972 -8.78085
1.82106 -8.68077
1.8224 -8.58013
1.82374 -8.47893
1.82508 -8.37718
1.82642 -8.27488
1.82776 -8.17204
1.8291 -8.06866
1.83044 -7.96475
1.83178 -7.8603
1.83312 -7.75534
1.83446 -7.64985
1.8358 -7.54386
1.83714 -7.43735
1.83848 -7.33034
1.83982 -7.22283
1.84116 -7.11483
1.8425 -7.00634
1.84384 -6.89737
1.84518 -6.78793
1.84652 -6.67801
1.84786 -6.56764
1.8492 -6.4568
1.85054 -6.34552
1.85188 -6.23379
1.85322 -6.12162
1.85456 -6.00902
1.8559 -5.896
1.85724 -5.78256
1.85858 -5.66871
1.85992 -5.55445
1.86126 -5.4398
1.8626 -5.32475
1.86394 -5.20932
1.86528 -5.09352
1.86662 -4.97735
1.86796 -4.86081
1.8693 -4.74393
1.87064 -4.6267
1.87198 -4.50912
1.87332 -4.39122
1.87466 -4.273
1.876 -4.15446
1.87734 -4.03562
1.87868 -3.91648
1.88002 -3.79704
1.88136 -3.67733
1.8827 -3.55734
1.88404 -3.43708
1.88538 -3.31657
1.88672 -3.19581
1.88806 -3.07481
1.8894 -2.95357
1.89074 -2.83212
1.89208 -2.71045
1.89342 -2.58857
1.89476 -2.4665
1.8961 -2.34424
1.89744 -2.2218
1.89878 -2.0992
1.90012 -1.97643
1.90146 -1.8535
1.9028 -1.73044
1.90414 -1.60724
1.90548 -1.48392
1.90682 -1.36048
1.90816 -1.23693
1.9095 -1.11329
1.91084 -0.98956
1.91218 -0.865751
1.91352 -0.741872
1.91486 -0.617933
1.9162 -0.493943
1.91754 -0.369912
1.91888 -0.245848
1.92022 -0.121762
1.92156 0.00233783
1.9229 0.126442
1.92424 0.250541
1.92558 0.374625
1.92692 0.498686
1.92826 0.622713
1.9296 0.746698
1.93094 0.870631
1.93228 0.994503
1.93362 1.1183
1.93496 1.24203
1.9363 1.36566
1.93764 1.48919
1.93898 1.61262
1.94032 1.73593
1.94166 1.85912
1.943 1.98217
1.94434 2.10507
1.94568 2.22782
1.94702 2.35042
1.94836 2.47283
1.9497 2.59507
1.95104 2.71712
1.95238 2.83898
1.95372 2.96062
1.95506 3.08205
1.9564 3.20326
1.95774 3.32424
1.95908 3.44497
1.96042 3.56545
1.96176 3.68568
1.9631 3.80563
1.96444 3.92532
1.96578 4.04471
1.96712 4.16382
1.96846 4.28263
1.9698 4.40113
1.97114 4.51931
1.97248 4.63717
1.97382 4.7547
1.97516 4.87189
1.9765 4.98873
1.97784 5.10522
1.97918 5.22134
1.98052 5.33709
1.98186 5.45247
1.9832 5.56746
1.98454 5.68206
1.98588 5.79626
1.98722 5.91006
1.98856 6.02344
1.9899 6.1364
1.99124 6.24894
1.99258 6.36104
1.99392 6.4727
1.99526 6.58392
1.9966 6.69468
1.99794 6.80499
1.99928 6.91483
2.00062 7.0242
2.00196 7.13309
2.0033 7.2415
2.00464 7.34942
2.00598 7.45685
2.00732 7.56377
2.00866 7.67019
2.01 7.77611
2.01134 7.8815
2.01268 7.98637
2.01402 8.09072
2.01536 8.19454
2.0167 8.29782
2.01804 8.40056
2.01938 8.50276
2.02072 8.6044
2.02206 8.70549
2.0234 8.80603
2.02474 8.906
2.02608 9.00541
2.02742 9.10424
2.02876 9.20251
2.0301 9.30019
2.03144 9.39729
2.03278 9.49381
2.03412 9.58975
2.03546 9.68509
2.0368 9.77983
2.03814 9.87398
2.03948 9.96753
2.04082 10.0605
2.04216 10.1528
2.0435 10.2445
2.04484 10.3357
2.04618 10.4262
2.04752 10.5161
2.04886 10.6053
2.0502 10.694
2.05154 10.782
2.05288 10.8694
2.05422 10.9562
2.05556 11.0424
2.0569 11.1279
2.05824 11.2128
2.05958 11.2971
2.06092 11.3807
2.06226 11.4637
2.0636 11.5461
2.06494 11.6278
2.06628 11.7089
2.06762 11.7894
2.06896 11.8692
2.0703 11.9484
2.07164 12.027
2.07298 12.1049
2.07432 12.1822
2.07566 12.2588
2.077 12.3348
2.07834 12.4102
2.07968 12.4849
2.08102 12.559
2.08236 12.6324
2.0837 12.7052
2.08504 12.7774
2.08638 12.8489
2.08772 12.9198
2.08906 12.9901
2.0904 13.0597
2.09174 13.1287
2.09308 13.1971
2.09442 13.2649
2.09576 13.332
2.0971 13.3984
2.09844 13.4643
2.09978 13.5295
2.10112 13.5941
2.10246 13.6581
2.1038 13.7215
2.10514 13.7842
2.10648 13.8463
2.10782 13.9078
2.10916 13.9687
2.1105 14.029
2.11184 14.0887
2.11318 14.1477
2.11452 14.2062
2.11586 14.264
2.1172 14.3213
2.11854 14.3779
2.11988 14.434
2.12122 14.4894
2.12256 14.5443
2.1239 14.5985
2.12524 14.6522
2.12658 14.7053
2.12792 14.7578
2.12926 14.8098
2.1306 14.8611
2.13194 14.9119
2.13328 14.9621
2.13462 15.0118
2.13596 15.0609
2.1373 15.1094
2.13864 15.1573
2.13998 15.2047
2.14132 15.2516
2.14266 15.2978
2.144 15.3436
2.14534 15.3888
2.14668 15.4334
2.14802 15.4775
2.14936 15.5211
2.1507 15.5642
2.15204 15.6067
2.15338 15.6487
2.15472 15.6901
2.15606 15.7311
2.1574 15.7715
2.15874 15.8114
2.16008 15.8508
2.16142 15.8897
2.16276 15.9281
2.1641 15.966
2.16544 16.0034
2.16678 16.0403
2.16812 16.0767
2.16946 16.1126
2.1708 16.148
2.17214 16.183
2.17348 16.2174
2.17482 16.2514
2.17616 16.285
2.1775 16.318
2.17884 16.3506
2.18018 16.3828
2.18152 16.4144
2.18286 16.4457
2.1842 16.4764
2.18554 16.5068
2.18688 16.5366
2.18822 16.5661
2.18956 16.5951
2.1909 16.6236
2.19224 16.6518
2.19358 16.6795
2.19492 16.7068
2.19626 16.7336
2.1976 16.7601
2.19894 16.7861
2.20028 16.8117
2.20162 16.8369
2.20296 16.8617
2.2043 16.8861
2.20564 16.9101
2.20698 16.9337
2.20832 16.9569
2.20966 16.9797
2.211 17.0021
2.21234 17.0242
2.21368 17.0458
2.21502 17.0671
2.21636 17.088
2.2177 17.1085
2.21904 17.1287
2.22038 17.1485
2.22172 17.1679
2.22306 17.187
2.2244 17.2057
2.22574 17.224
2.22708 17.242
2.22842 17.2596
2.22976 17.2769
2.2311 17.2939
2.23244 17.3105
2.23378 17.3267
2.23512 17.3427
2.23646 17.3582
2.2378 17.3735
2.23914 17.3884
2.24048 17.403
2.24182 17.4173
2.24316 17.4312
2.2445 17.4448
2.24584 17.4581
2.24718 17.4711
2.24852 17.4837
2.24986 17.4961
2.2512 17.5081
2.25254 17.5198
2.25388 17.5312
2.25522 17.5423
2.25656 17.5531
2.2579 17.5636
2.25924 17.5738
2.26058 17.5837
2.26192 17.5933
2.26326 17.6026
2.2646 17.6116
2.26594 17.6203
2.26728 17.6288
2.26862 17.6369
2.26996 17.6447
2.2713 17.6523
2.27264 17.6595
2.27398 17.6665
2.27532 17.6732
2.27666 17.6796
2.278 17.6858
2.27934 17.6916
2.28068 17.6972
2.28202 17.7025
2.28336 17.7075
2.2847 17.7122
2.28604 17.7167
2.28738 17.7209
2.28872 17.7248
2.29006 17.7284
2.2914 17.7318
2.29274 17.7349
2.29408 17.7377
2.29542 17.7403
2.29676 17.7426
2.2981 17.7446
2.29944 17.7463
2.30078 17.7478
2.30212 17.749
2.30346 17.7499
2.3048 17.7506
2.30614 17.7509
2.30748 17.7511
2.30882 17.7509
2.31016 17.7505
2.3115 17.7498
2.31284 17.7489
2.31418 17.7476
2.31552 17.7461
2.31686 17.7444
2.3182 17.7423
2.31954 17.74
2.32088 17.7375
2.32222 17.7346
2.32356 17.7315
2.3249 17.7281
2.32624 17.7244
2.32758 17.7205
2.32892 17.7163
2.33026 17.7118
2.3316 17.707
2.33294 17.702
2.33428 17.6967
2.33562 17.6911
2.33696 17.6852
2.3383 17.679
2.33964 17.6726
2.34098 17.6658
2.34232 17.6588
2.34366 17.6515
2.345 17.644
2.34634 17.6361
2.34768 17.6279
2.34902 17.6195
2.35036 17.6107
2.3517 17.6017
2.35304 17.5924
2.35438 17.5827
2.35572 17.5728
2.35706 17.5626
2.3584 17.552
2.35974 17.5412
2.36108 17.5301
2.36242 17.5186
2.36376 17.5069
2.3651 17.4948
2.36644 17.4824
2.36778 17.4697
2.36912 17.4567
2.37046 17.4434
2.3718 17.4297
2.37314 17.4157
2.37448 17.4014
2.37582 17.3868
2.37716 17.3718
2.3785 17.3565
2.37984 17.3409
2.38118 17.325
2.38252 17.3086
2.38386 17.292
2.3852 17.275
2.38654 17.2577
2.38788 17.24
2.38922 17.2219
2.39056 17.2035
2.3919 17.1848
2.39324 17.1656
2.39458 17.1462
2.39592 17.1263
2.39726 17.1061
2.3986 17.0855
2.39994 17.0646
2.40128 17.0432
2.40262 17.0215
2.40396 16.9994
2.4053 16.9769
2.40664 16.954
2.40798 16.9308
2.40932 16.9071
2.41066 16.883
2.412 16.8586
2.41334 16.8337
2.41468 16.8084
2.41602 16.7827
2.41736 16.7566
2.4187 16.7301
2.42004 16.7032
2.42138 16.6758
2.42272 16.648
2.42406 16.6198
2.4254 16.5911
2.42674 16.562
2.42808 16.5325
2.42942 16.5025
2.43076 16.4721
2.4321 16.4412
2.43344 16.4099
2.43478 16.3781
2.43612 16.3459
2.43746 16.3132
2.4388 16.28
2.44014 16.2464
2.44148 16.2123
2.44282 16.1777
2.44416 16.1426
2.4455 16.1071
2.44684 16.071
2.44818 16.0345
2.44952 15.9975
2.45086 15.9599
2.4522 15.9219
2.45354 15.8834
2.45488 15.8444
2.45622 15.8048
2.45756 15.7648
2.4589 15.7242
2.46024 15.6831
2.46158 15.6415
2.46292 15.5994
2.46426 15.5567
2.4656 15.5135
2.46694 15.4698
2.46828 15.4255
2.46962 15.3807
2.47096 15.3353
2.4723 15.2894
2.47364 15.2429
2.47498 15.1959
2.47632 15.1483
2.47766 15.1002
2.479 15.0515
2.48034 15.0022
2.48168 14.9523
2.48302 14.9019
2.48436 14.8509
2.4857 14.7994
2.48704 14.7472
2.48838 14.6945
2.48972 14.6412
2.49106 14.5872
2.4924 14.5327
2.49374 14.4776
2.49508 14.422
2.49642 14.3657
2.49776 14.3088
2.4991 14.2513
2.50044 14.1932
2.50178 14.1345
2.50312 14.0751
2.50446 14.0152
2.5058 13.9546
2.50714 13.8935
2.50848 13.8317
2.50982 13.7693
2.51116 13.7062
2.5125 13.6426
2.51384 13.5783
2.51518 13.5134
2.51652 13.4479
2.51786 13.3817
2.5192 13.3149
2.52054 13.2475
2.52188 13.1794
2.52322 13.1107
2.52456 13.0413
2.5259 12.9713
2.52724 12.9007
2.52858 12.8295
2.52992 12.7576
2.53126 12.685
2.5326 12.6118
2.53394 12.538
2.53528 12.4635
2.53662 12.3884
2.53796 12.3126
2.5393 12.2362
2.54064 12.1592
2.54198 12.0815
2.54332 12.0032
2.54466 11.9242
2.546 11.8445
2.54734 11.7643
2.54868 11.6834
2.55002 11.6018
2.55136 11.5196
2.5527 11.4368
2.55404 11.3533
2.55538 11.2692
2.55672 11.1844
2.55806 11.099
2.5594 11.013
2.56074 10.9263
2.56208 10.839
2.56342 10.7511
2.56476 10.6625
2.5661 10.5733
2.56744 10.4835
2.56878 10.3931
2.57012 10.302
2.57146 10.2103
2.5728 10.118
2.57414 10.0251
2.57548 9.93159
2.57682 9.83745
2.57816 9.74271
2.5795 9.64736
2.58084 9.55141
2.58218 9.45486
2.58352 9.35772
2.58486 9.25999
2.5862 9.16166
2.58754 9.06276
2.58888 8.96327
2.59022 8.8632
2.59156 8.76257
2.5929 8.66136
2.59424 8.55959
2.59558 8.45725
2.59692 8.35436
2.59826 8.25092
2.5996 8.14694
2.60094 8.0424
2.60228 7.93734
2.60362 7.83173
2.60496 7.7256
2.6063 7.61895
2.60764 7.51178
2.60898 7.4041
2.61032 7.29591
2.61166 7.18722
2.613 7.07803
2.61434 6.96836
2.61568 6.8582
2.61702 6.74757
2.61836 6.63646
2.6197 6.52488
2.62104 6.41285
2.62238 6.30037
2.62372 6.18744
2.62506 6.07407
2.6264 5.96026
2.62774 5.84603
2.62908 5.73138
2.63042 5.61632
2.63176 5.50086
2.6331 5.385
2.63444 5.26874
2.63578 5.15211
2.63712 5.03509
2.63846 4.91771
2.6398 4.79997
2.64114 4.68188
2.64248 4.56344
2.64382 4.44467
2.64516 4.32556
2.6465 4.20614
2.64784 4.0864
2.64918 3.96635
2.65052 3.84601
2.65186 3.72539
2.6532 3.60448
2.65454 3.4833
2.65588 3.36186
2.65722 3.24016
2.65856 3.11822
2.6599 2.99604
2.66124 2.87364
2.66258 2.75101
2.66392 2.62818
2.66526 2.50514
2.6666 2.38191
2.66794 2.2585
2.66928 2.13491
2.67062 2.01116
2.67196 1.88725
2.6733 1.7632
2.67464 1.63901
2.67598 1.51469
2.67732 1.39025
2.67866 1.2657
2.68 1.14105
2.68134 1.01631
2.68268 0.891488
2.68402 0.766595
2.68536 0.641639
2.6867 0.51663
2.68804 0.391578
2.68938 0.266491
2.69072 0.14138
2.69206 0.0162532
2.6934 -0.108879
2.69474 -0.234007
2.69608 -0.359122
2.69742 -0.484214
2.69876 -0.609274
2.7001 -0.734291
2.70144 -0.859258
2.70278 -0.984163
2.70412 -1.109
2.70546 -1.23375
2.7068 -1.35842
2.70814 -1.48299
2.70948 -1.60745
2.71082 -1.73179
2.71216 -1.85601
2.7135 -1.98009
2.71484 -2.10402
2.71618 -2.2278
2.71752 -2.35142
2.71886 -2.47486
2.7202 -2.59813
2.72154 -2.7212
2.72288 -2.84407
2.72422 -2.96673
2.72556 -3.08918
2.7269 -3.2114
2.72824 -3.33338
2.72958 -3.45512
2.73092 -3.57661
2.73226 -3.69783
2.7336 -3.81879
2.73494 -3.93946
2.73628 -4.05985
2.73762 -4.17994
2.73896 -4.29973
2.7403 -4.41921
2.74164 -4.53837
2.74298 -4.6572
2.74432 -4.77569
2.74566 -4.89384
2.747 -5.01164
2.74834 -5.12908
2.74968 -5.24615
2.75102 -5.36284
2.75236 -5.47916
2.7537 -5.59508
2.75504 -5.7106
2.75638 -5.82573
2.75772 -5.94044
2.75906 -6.05473
2.7604 -6.16859
2.76174 -6.28202
2.76308 -6.39502
2.76442 -6.50756
2.76576 -6.61966
2.7671 -6.7313
2.76844 -6.84247
2.76978 -6.95316
2.77112 -7.06339
2.77246 -7.17312
2.7738 -7.28237
2.77514 -7.39112
2.77648 -7.49937
2.77782 -7.60712
2.77916 -7.71435
2.7805 -7.82106
2.78184 -7.92725
2.78318 -8.03291
2.78452 -8.13804
2.78586 -8.24263
2.7872 -8.34667
2.78854 -8.45017
2.78988 -8.55312
2.79122 -8.6555
2.79256 -8.75733
2.7939 -8.85859
2.79524 -8.95928
2.79658 -9.0594
2.79792 -9.15893
2.79926 -9.25789
2.8006 -9.35626
2.80194 -9.45404
2.80328 -9.55123
2.80462 -9.64782
2.80596 -9.74381
2.8073 -9.8392
2.80864 -9.93398
2.80998 -10.0282
2.81132 -10.1217
2.81266 -10.2147
2.814 -10.307
2.81534 -10.3987
2.81668 -10.4898
2.81802 -10.5803
2.81936 -10.6701
2.8207 -10.7593
2.82204 -10.8479
2.82338 -10.9359
2.82472 -11.0232
2.82606 -11.1099
2.8274 -11.1959
2.82874 -11.2813
2.83008 -11.3661
2.83142 -11.4502
2.83276 -11.5337
2.8341 -11.6166
2.83544 -11.6988
2.83678 -11.7803
2.83812 -11.8612
2.83946 -11.9415
2.8408 -12.0211
2.84214 -12.1001
2.84348 -12.1784
2.84482 -12.2561
2.84616 -12.3332
2.8475 -12.4096
2.84884 -12.4853
2.85018 -12.5604
2.85152 -12.6349
2.85286 -12.7087
2.8542 -12.7818
2.85554 -12.8543
2.85688 -12.9262
2.85822 -12.9974
2.85956 -13.068
2.8609 -13.138
2.86224 -13.2073
2.86358 -13.2759
2.86492 -13.344
2.86626 -13.4114
2.8676 -13.4781
2.86894 -13.5442
2.87028 -13.6097
2.87162 -13.6746
2.87296 -13.7388
2.8743 -13.8024
2.87564 -13.8654
2.87698 -13.9277
2.87832 -13.9894
2.87966 -14.0505
2.881 -14.111
2.88234 -14.1709
2.88368 -14.2301
2.88502 -14.2888
2.88636 -14.3468
2.8877 -14.4042
2.88904 -14.4611
2.89038 -14.5173
2.89172 -14.5729
2.89306 -14.6279
2.8944 -14.6823
2.89574 -14.7361
2.89708 -14.7894
2.89842 -14.842
2.89976 -14.8941
2.9011 -14.9455
2.90244 -14.9964
2.90378 -15.0467
2.90512 -15.0965
2.90646 -15.1457
2.9078 -15.1943
2.90914 -15.2423
2.91048 -15.2898
2.91182 -15.3367
2.91316 -15.3831
2.9145 -15.4289
2.91584 -15.4741
2.91718 -15.5188
2.91852 -15.563
2.91986 -15.6066
2.9212 -15.6497
2.92254 -15.6923
2.92388 -15.7343
2.92522 -15.7758
2.92656 -15.8168
2.9279 -15.8572
2.92924 -15.8972
2.93058 -15.9366
2.93192 -15.9755
2.93326 -16.0139
2.9346 -16.0518
2.93594 -16.0892
2.93728 -16.1261
2.93862 -16.1625
2.93996 -16.1984
2.9413 -16.2338
2.94264 -16.2688
2.94398 -16.3033
2.94532 -16.3373
2.94666 -16.3708
2.948 -16.4038
2.94934 -16.4364
2.95068 -16.4685
2.95202 -16.5002
2.95336 -16.5314
2.9547 -16.5621
2.95604 -16.5924
2.95738 -16.6223
2.95872 -16.6517
2.96006 -16.6807
2.9614 -16.7092
2.96274 -16.7373
2.96408 -16.765
2.96542 -16.7922
2.96676 -16.8191
2.9681 -16.8455
2.96944 -16.8715
2.97078 -16.897
2.97212 -16.9222
2.97346 -16.947
2.9748 -16.9713
2.97614 -16.9953
2.97748 -17.0188
2.97882 -17.042
2.98016 -17.0648
2.9815 -17.0872
2.98284 -17.1092
2.98418 -17.1308
2.98552 -17.1521
2.98686 -17.1729
2.9882 -17.1934
2.98954 -17.2135
2.99088 -17.2333
2.99222 -17.2527
2.99356 -17.2717
2.9949 -17.2904
2.99624 -17.3087
2.99758 -17.3267
2.99892 -17.3443
3.00026 -17.3616
3.0016 -17.3785
3.00294 -17.3951
3.00428 -17.4113
3.00562 -17.4272
3.00696 -17.4428
3.0083 -17.458
3.00964 -17.4729
3.01098 -17.4875
3.01232 -17.5018
3.01366 -17.5157
3.015 -17.5293
3.01634 -17.5426
3.01768 -17.5556
3.01902 -17.5682
3.02036 -17.5806
3.0217 -17.5926
3.02304 -17.6043
3.02438 -17.6158
3.02572 -17.6269
3.02706 -17.6377
3.0284 -17.6482
3.02974 -17.6584
3.03108 -17.6683
3.03242 -17.678
3.03376 -17.6873
3.0351 -17.6963
3.03644 -17.7051
3.03778 -17.7136
3.03912 -17.7217
3.04046 -17.7296
3.0418 -17.7372
3.04314 -17.7445
3.04448 -17.7516
3.04582 -17.7583
3.04716 -17.7648
3.0485 -17.771
3.04984 -17.7769
3.05118 -17.7826
3.05252 -17.788
3.05386 -17.7931
3.0552 -17.7979
3.05654 -17.8024
3.05788 -17.8067
3.05922 -17.8107
3.06056 -17.8145
3.0619 -17.8179
3.06324 -17.8212
3.06458 -17.8241
3.06592 -17.8268
3.06726 -17.8292
3.0686 -17.8313
3.06994 -17.8332
3.07128 -17.8348
3.07262 -17.8361
3.07396 -17.8372
3.0753 -17.838
3.07664 -17.8385
3.07798 -17.8388
3.07932 -17.8388
3.08066 -17.8386
3.082 -17.8381
3.08334 -17.8373
3.08468 -17.8362
3.08602 -17.8349
3.08736 -17.8334
3.0887 -17.8315
3.09004 -17.8294
3.09138 -17.827
3.09272 -17.8244
3.09406 -17.8215
3.0954 -17.8183
3.09674 -17.8149
3.09808 -17.8112
3.09942 -17.8072
3.10076 -17.8029
3.1021 -17.7984
3.10344 -17.7936
3.10478 -17.7885
3.10612 -17.7832
3.10746 -17.7776
3.1088 -17.7717
3.11014 -17.7655
3.11148 -17.7591
3.11282 -17.7523
3.11416 -17.7453
3.1155 -17.738
3.11684 -17.7305
3.11818 -17.7226
3.11952 -17.7145
3.12086 -17.706
3.1222 -17.6973
3.12354 -17.6883
3.12488 -17.679
3.12622 -17.6694
3.12756 -17.6595
3.1289 -17.6493
3.13024 -17.6388
3.13158 -17.628
3.13292 -17.617
3.13426 -17.6056
3.1356 -17.5939
3.13694 -17.5818
3.13828 -17.5695
3.13962 -17.5569
3.14096 -17.5439
3.1423 -17.5307
3.14364 -17.5171
3.14498 -17.5032
3.14632 -17.489
3.14766 -17.4744
3.149 -17.4595
3.15034 -17.4443
3.15168 -17.4288
3.15302 -17.4129
3.15436 -17.3967
3.1557 -17.3801
3.15704 -17.3632
3.15838 -17.346
3.15972 -17.3284
3.16106 -17.3104
3.1624 -17.2921
3.16374 -17.2735
3.16508 -17.2545
3.16642 -17.2351
3.16776 -17.2154
3.1691 -17.1953
3.17044 -17.1748
3.17178 -17.1539
3.17312 -17.1327
3.17446 -17.1111
3.1758 -17.0891
3.17714 -17.0667
3.17848 -17.044
3.17982 -17.0208
3.18116 -16.9973
3.1825 -16.9733
3.18384 -16.949
3.18518 -16.9242
3.18652 -16.8991
3.18786 -16.8735
3.1892 -16.8475
3.19054 -16.8211
3.19188 -16.7943
3.19322 -16.7671
3.19456 -16.7394
3.1959 -16.7113
3.19724 -16.6828
3.19858 -16.6538
3.19992 -16.6244
3.20126 -16.5945
3.2026 -16.5642
3.20394 -16.5335
3.20528 -16.5022
3.20662 -16.4706
3.20796 -16.4385
3.2093 -16.4059
3.21064 -16.3728
3.21198 -16.3393
3.21332 -16.3053
3.21466 -16.2708
3.216 -16.2358
3.21734 -16.2004
3.21868 -16.1644
3.22002 -16.128
3.22136 -16.0911
3.2227 -16.0537
3.22404 -16.0157
3.22538 -15.9773
3.22672 -15.9384
3.22806 -15.8989
3.2294 -15.8589
3.23074 -15.8185
3.23208 -15.7774
3.23342 -15.7359
3.23476 -15.6938
3.2361 -15.6512
3.23744 -15.6081
3.23878 -15.5644
3.24012 -15.5202
3.24146 -15.4754
3.2428 -15.4301
3.24414 -15.3843
3.24548 -15.3378
3.24682 -15.2909
3.24816 -15.2433
3.2495 -15.1952
3.25084 -15.1465
3.25218 -15.0973
3.25352 -15.0475
3.25486 -14.9971
3.2562 -14.9461
3.25754 -14.8945
3.25888 -14.8424
3.26022 -14.7896
3.26156 -14.7363
3.2629 -14.6824
3.26424 -14.6278
3.26558 -14.5727
3.26692 -14.517
3.26826 -14.4607
3.2696 -14.4037
3.27094 -14.3462
3.27228 -14.288
3.27362 -14.2293
3.27496 -14.1699
3.2763 -14.1099
3.27764 -14.0492
3.27898 -13.988
3.28032 -13.9261
3.28166 -13.8636
3.283 -13.8005
3.28434 -13.7367
3.28568 -13.6723
3.28702 -13.6073
3.28836 -13.5416
3.2897 -13.4753
3.29104 -13.4084
3.29238 -13.3408
3.29372 -13.2726
3.29506 -13.2037
3.2964 -13.1342
3.29774 -13.064
3.29908 -12.9932
3.30042 -12.9218
3.30176 -12.8496
3.3031 -12.7769
3.30444 -12.7035
3.30578 -12.6294
3.30712 -12.5547
3.30846 -12.4794
3.3098 -12.4034
3.31114 -12.3267
3.31248 -12.2494
3.31382 -12.1714
3.31516 -12.0928
3.3165 -12.0135
3.31784 -11.9336
3.31918 -11.853
3.32052 -11.7718
3.32186 -11.6899
3.3232 -11.6074
3.32454 -11.5242
3.32588 -11.4404
3.32722 -11.3559
3.32856 -11.2708
3.3299 -11.185
3.33124 -11.0986
3.33258 -11.0115
3.33392 -10.9238
3.33526 -10.8355
3.3366 -10.7465
3.33794 -10.6569
3.33928 -10.5666
3.34062 -10.4757
3.34196 -10.3842
3.3433 -10.2921
3.34464 -10.1993
3.34598 -10.1059
3.34732 -10.0119
3.34866 -9.91726
3.35 -9.822
3.35134 -9.72613
3.35268 -9.62966
3.35402 -9.53257
3.35536 -9.43488
3.3567 -9.33659
3.35804 -9.23771
3.35938 -9.13823
3.36072 -9.03816
3.36206 -8.9375
3.3634 -8.83626
3.36474 -8.73445
3.36608 -8.63206
3.36742 -8.5291
3.36876 -8.42557
3.3701 -8.32149
3.37144 -8.21684
3.37278 -8.11165
3.37412 -8.00591
3.37546 -7.89963
3.3768 -7.79281
3.37814 -7.68546
3.37948 -7.57759
3.38082 -7.46919
3.38216 -7.36028
3.3835 -7.25086
3.38484 -7.14094
3.38618 -7.03051
3.38752 -6.9196
3.38886 -6.8082
3.3902 -6.69632
3.39154 -6.58397
3.39288 -6.47115
3.39422 -6.35787
3.39556 -6.24414
3.3969 -6.12996
3.39824 -6.01534
3.39958 -5.90028
3.40092 -5.7848
3.40226 -5.66891
3.4036 -5.55259
3.40494 -5.43588
3.40628 -5.31876
3.40762 -5.20126
3.40896 -5.08337
3.4103 -4.96511
3.41164 -4.84649
3.41298 -4.7275
3.41432 -4.60816
3.41566 -4.48848
3.417 -4.36846
3.41834 -4.24812
3.41968 -4.12746
3.42102 -4.00649
3.42236 -3.88521
3.4237 -3.76365
3.42504 -3.64179
3.42638 -3.51966
3.42772 -3.39727
3.42906 -3.27461
3.4304 -3.15171
3.43174 -3.02856
3.43308 -2.90518
3.43442 -2.78158
3.43576 -2.65776
3.4371 -2.53374
3.43844 -2.40952
3.43978 -2.28511
3.44112 -2.16053
3.44246 -2.03577
3.4438 -1.91086
3.44514 -1.7858
3.44648 -1.6606
3.44782 -1.53527
3.44916 -1.40981
3.4505 -1.28425
3.45184 -1.15858
3.45318 -1.03282
3.45452 -0.90697
3.45586 -0.781051
3.4572 -0.655068
3.45854 -0.52903
3.45988 -0.402947
3.46122 -0.276829
3.46256 -0.150685
3.4639 -0.024525
3.46524 0.101641
3.46658 0.227804
3.46792 0.353954
3.46926 0.480081
3.4706 0.606176
3.47194 0.732229
3.47328 0.85823
3.47462 0.98417
3.47596 1.11004
3.4773 1.23583
3.47864 1.36153
3.47998 1.48712
3.48132 1.61261
3.48266 1.73798
3.484 1.86323
3.48534 1.98833
3.48668 2.11329
3.48802 2.23809
3.48936 2.36273
3.4907 2.48719
3.49204 2.61146
3.49338 2.73554
3.49472 2.85942
3.49606 2.98309
3.4974 3.10654
3.49874 3.22976
3.50008 3.35273
3.50142 3.47546
3.50276 3.59794
3.5041 3.72015
3.50544 3.84208
3.50678 3.96373
3.50812 4.08509
3.50946 4.20615
3.5108 4.3269
3.51214 4.44734
3.51348 4.56745
3.51482 4.68723
3.51616 4.80666
3.5175 4.92575
3.51884 5.04448
3.52018 5.16284
3.52152 5.28083
3.52286 5.39844
3.5242 5.51566
3.52554 5.63249
3.52688 5.74891
3.52822 5.86492
3.52956 5.98051
3.5309 6.09568
3.53224 6.21042
3.53358 6.32471
3.53492 6.43856
3.53626 6.55196
3.5376 6.6649
3.53894 6.77737
3.54028 6.88937
3.54162 7.00089
3.54296 7.11193
3.5443 7.22247
3.54564 7.33252
3.54698 7.44206
3.54832 7.5511
3.54966 7.65962
3.551 7.76762
3.55234 7.87509
3.55368 7.98203
3.55502 8.08844
3.55636 8.1943
3.5577 8.29962
3.55904 8.40439
3.56038 8.5086
3.56172 8.61225
3.56306 8.71533
3.5644 8.81784
3.56574 8.91978
3.56708 9.02114
3.56842 9.12192
3.56976 9.22211
3.5711 9.32171
3.57244 9.42072
3.57378 9.51912
3.57512 9.61693
3.57646 9.71413
3.5778 9.81072
3.57914 9.90671
3.58048 10.0021
3.58182 10.0968
3.58316 10.191
3.5845 10.2845
3.58584 10.3773
3.58718 10.4696
3.58852 10.5612
3.58986 10.6522
3.5912 10.7426
3.59254 10.8323
3.59388 10.9214
3.59522 11.0098
3.59656 11.0976
3.5979 11.1847
3.59924 11.2713
3.60058 11.3571
3.60192 11.4423
3.60326 11.5269
3.6046 11.6108
3.60594 11.6941
3.60728 11.7767
3.60862 11.8586
3.60996 11.9399
3.6113 12.0206
3.61264 12.1006
3.61398 12.1799
3.61532 12.2586
3.61666 12.3367
3.618 12.414
3.61934 12.4908
3.62068 12.5668
3.62202 12.6422
3.62336 12.717
3.6247 12.7911
3.62604 12.8646
3.62738 12.9374
3.62872 13.0095
3.63006 13.081
3.6314 13.1519
3.63274 13.2221
3.63408 13.2916
3.63542 13.3605
3.63676 13.4288
3.6381 13.4964
3.63944 13.5634
3.64078 13.6297
3.64212 13.6954
3.64346 13.7604
3.6448 13.8248
3.64614 13.8886
3.64748 13.9518
3.64882 14.0143
3.65016 14.0762
3.6515 14.1374
3.65284 14.198
3.65418 14.258
3.65552 14.3174
3.65686 14.3762
3.6582 14.4343
3.65954 14.4919
3.66088 14.5488
3.66222 14.6051
3.66356 14.6608
3.6649 14.7159
3.66624 14.7704
3.66758 14.8243
3.66892 14.8776
3.67026 14.9304
3.6716 14.9825
3.67294 15.034
3.67428 15.085
3.67562 15.1353
3.67696 15.1851
3.6783 15.2343
3.67964 15.283
3.68098 15.331
3.68232 15.3785
3.68366 15.4255
3.685 15.4718
3.68634 15.5177
3.68768 15.5629
3.68902 15.6076
3.69036 15.6518
3.6917 15.6954
3.69304 15.7385
3.69438 15.7811
3.69572 15.8231
3.69706 15.8646
3.6984 15.9055
3.69974 15.9459
3.70108 15.9858
3.70242 16.0252
3.70376 16.0641
3.7051 16.1025
3.70644 16.1403
3.70778 16.1777
3.70912 16.2146
3.71046 16.2509
3.7118 16.2868
3.71314 16.3222
3.71448 16.3571
3.71582 16.3915
3.71716 16.4254
3.7185 16.4589
3.71984 16.4918
3.72118 16.5244
3.72252 16.5564
3.72386 16.588
3.7252 16.6191
3.72654 16.6498
3.72788 16.6801
3.72922 16.7098
3.73056 16.7392
3.7319 16.7681
3.73324 16.7965
3.73458 16.8246
3.73592 16.8522
3.73726 16.8793
3.7386 16.9061
3.73994 16.9324
3.74128 16.9583
3.74262 16.9838
3.74396 17.0089
3.7453 17.0336
3.74664 17.0579
3.74798 17.0818
3.74932 17.1053
3.75066 17.1283
3.752 17.151
3.75334 17.1734
3.75468 17.1953
3.75602 17.2168
3.75736 17.238
3.7587 17.2588
3.76004 17.2792
3.76138 17.2993
3.76272 17.319
3.76406 17.3383
3.7654 17.3573
3.76674 17.3759
3.76808 17.3941
3.76942 17.412
3.77076 17.4296
3.7721 17.4468
3.77344 17.4636
3.77478 17.4802
3.77612 17.4963
3.77746 17.5122
3.7788 17.5277
3.78014 17.5429
3.78148 17.5578
3.78282 17.5723
3.78416 17.5865
3.7855 17.6004
3.78684 17.614
3.78818 17.6272
3.78952 17.6402
3.79086 17.6528
3.7922 17.6651
3.79354 17.6771
3.79488 17.6888
3.79622 17.7002
3.79756 17.7113
3.7989 17.7221
3.80024 17.7326
3.80158 17.7428
3.80292 17.7528
3.80426 17.7624
3.8056 17.7717
3.80694 17.7808
3.80828 17.7895
3.80962 17.798
3.81096 17.8062
3.8123 17.8141
3.81364 17.8217
3.81498 17.829
3.81632 17.8361
3.81766 17.8429
3.819 17.8494
3.82034 17.8557
3.82168 17.8616
3.82302 17.8673
3.82436 17.8727
3.8257 17.8779
3.82704 17.8828
3.82838 17.8874
3.82972 17.8917
3.83106 17.8958
3.8324 17.8996
3.83374 17.9032
3.83508 17.9065
3.83642 17.9095
3.83776 17.9123
3.8391 17.9148
3.84044 17.917
3.84178 17.919
3.84312 17.9207
3.84446 17.9222
3.8458 17.9234
3.84714 17.9243
3.84848 17.925
3.84982 17.9254
3.85116 17.9255
3.8525 17.9254
3.85384 17.9251
3.85518 17.9244
3.85652 17.9235
3.85786 17.9224
3.8592 17.921
3.86054 17.9193
3.86188 17.9174
3.86322 17.9152
3.86456 17.9127
3.8659 17.91
3.86724 17.907
3.86858 17.9038
3.86992 17.9003
3.87126 17.8965
3.8726 17.8925
3.87394 17.8882
3.87528 17.8836
3.87662 17.8788
3.87796 17.8737
3.8793 17.8683
3.88064 17.8626
3.88198 17.8567
3.88332 17.8505
3.88466 17.844
3.886 17.8373
3.88734 17.8303
3.88868 17.823
3.89002 17.8154
3.89136 17.8075
3.8927 17.7994
3.89404 17.791
3.89538 17.7823
3.89672 17.7733
3.89806 17.764
3.8994 17.7544
3.90074 17.7445
3.90208 17.7344
3.90342 17.7239
3.90476 17.7131
3.9061 17.7021
3.90744 17.6907
3.90878 17.6791
3.91012 17.6671
3.91146 17.6548
3.9128 17.6422
3.91414 17.6294
3.91548 17.6161
3.91682 17.6026
3.91816 17.5888
3.9195 17.5746
3.92084 17.5601
3.92218 17.5453
3.92352 17.5302
3.92486 17.5147
3.9262 17.4989
3.92754 17.4827
3.92888 17.4663
3.93022 17.4494
3.93156 17.4323
3.9329 17.4148
3.93424 17.3969
3.93558 17.3787
3.93692 17.3601
3.93826 17.3412
3.9396 17.3219
3.94094 17.3023
3.94228 17.2823
3.94362 17.2619
3.94496 17.2411
3.9463 17.22
3.94764 17.1985
3.94898 17.1766
3.95032 17.1543
3.95166 17.1317
3.953 17.1086
3.95434 17.0852
3.95568 17.0613
3.95702 17.0371
3.95836 17.0124
3.9597 16.9874
3.96104 16.9619
3.96238 16.936
3.96372 16.9097
3.96506 16.883
3.9664 16.8559
3.96774 16.8283
3.96908 16.8003
3.97042 16.7719
3.97176 16.743
3.9731 16.7137
3.97444 16.6839
3.97578 16.6537
3.97712 16.6231
3.97846 16.592
3.9798 16.5604
3.98114 16.5284
3.98248 16.4959
3.98382 16.4629
3.98516 16.4295
3.9865 16.3956
3.98784 16.3612
3.98918 16.3263
3.99052 16.2909
3.99186 16.2551
3.9932 16.2187
3.99454 16.1819
3.99588 16.1445
3.99722 16.1067
3.99856 16.0683
3.9999 16.0294
4.00124 15.99
4.00258 15.9501
4.00392 15.9097
4.00526 15.8687
4.0066 15.8272
4.00794 15.7852
4.00928 15.7427
4.01062 15.6996
4.01196 15.6559
4.0133 15.6117
4.01464 15.567
4.01598 15.5217
4.01732 15.4759
4.01866 15.4295
4.02 15.3825
4.02134 15.335
4.02268 15.2869
4.02402 15.2382
4.02536 15.1889
4.0267 15.1391
4.02804 15.0887
4.02938 15.0377
4.03072 14.9861
4.03206 14.9339
4.0334 14.8812
4.03474 14.8278
4.03608 14.7738
4.03742 14.7193
4.03876 14.6641
4.0401 14.6083
4.04144 14.5519
4.04278 14.4949
4.04412 14.4373
4.04546 14.3791
4.0468 14.3202
4.04814 14.2607
4.04948 14.2006
4.05082 14.1399
4.05216 14.0785
4.0535 14.0165
4.05484 13.9539
4.05618 13.8906
4.05752 13.8267
4.05886 13.7622
4.0602 13.697
4.06154 13.6311
4.06288 13.5647
4.06422 13.4976
4.06556 13.4298
4.0669 13.3614
4.06824 13.2923
4.06958 13.2226
4.07092 13.1522
4.07226 13.0812
4.0736 13.0095
4.07494 12.9372
4.07628 12.8642
4.07762 12.7905
4.07896 12.7162
4.0803 12.6412
4.08164 12.5656
4.08298 12.4893
4.08432 12.4123
4.08566 12.3347
4.087 12.2564
4.08834 12.1775
4.08968 12.0979
4.09102 12.0177
4.09236 11.9367
4.0937 11.8552
4.09504 11.7729
4.09638 11.69
4.09772 11.6065
4.09906 11.5222
4.1004 11.4374
4.10174 11.3518
4.10308 11.2657
4.10442 11.1788
4.10576 11.0913
4.1071 11.0032
4.10844 10.9144
4.10978 10.825
4.11112 10.7349
4.11246 10.6442
4.1138 10.5528
4.11514 10.4608
4.11648 10.3681
4.11782 10.2748
4.11916 10.1809
4.1205 10.0864
4.12184 9.99121
4.12318 9.89541
4.12452 9.79899
4.12586 9.70194
4.1272 9.60429
4.12854 9.50601
4.12988 9.40713
4.13122 9.30765
4.13256 9.20756
4.1339 9.10687
4.13524 9.00559
4.13658 8.90371
4.13792 8.80125
4.13926 8.69821
4.1406 8.59458
4.14194 8.49039
4.14328 8.38562
4.14462 8.28029
4.14596 8.1744
4.1473 8.06796
4.14864 7.96096
4.14998 7.85342
4.15132 7.74534
4.15266 7.63673
4.154 7.52758
4.15534 7.41792
4.15668 7.30773
4.15802 7.19704
4.15936 7.08583
4.1607 6.97413
4.16204 6.86194
4.16338 6.74926
4.16472 6.63609
4.16606 6.52246
4.1674 6.40835
4.16874 6.29379
4.17008 6.17877
4.17142 6.0633
4.17276 5.94739
4.1741 5.83105
4.17544 5.71428
4.17678 5.59709
4.17812 5.47949
4.17946 5.36149
4.1808 5.24309
4.18214 5.12431
4.18348 5.00514
4.18482 4.8856
4.18616 4.76569
4.1875 4.64543
4.18884 4.52481
4.19018 4.40386
4.19152 4.28258
4.19286 4.16097
4.1942 4.03904
4.19554 3.91681
4.19688 3.79428
4.19822 3.67146
4.19956 3.54836
4.2009 3.42498
4.20224 3.30135
4.20358 3.17746
4.20492 3.05332
4.20626 2.92895
4.2076 2.80435
4.20894 2.67953
4.21028 2.5545
4.21162 2.42927
4.21296 2.30386
4.2143 2.17826
4.21564 2.05249
4.21698 1.92656
4.21832 1.80048
4.21966 1.67425
4.221 1.54789
4.22234 1.42141
4.22368 1.29481
4.22502 1.16811
4.22636 1.04132
4.2277 0.914436
4.22904 0.787481
4.23038 0.66046
4.23172 0.533384
4.23306 0.406262
4.2344 0.279104
4.23574 0.15192
4.23708 0.02472
4.23842 -0.102486
4.23976 -0.229689
4.2411 -0.356879
4.24244 -0.484046
4.24378 -0.611179
4.24512 -0.73827
4.24646 -0.865309
4.2478 -0.992284
4.24914 -1.11919
4.25048 -1.24601
4.25182 -1.37274
4.25316 -1.49937
4.2545 -1.62589
4.25584 -1.75228
4.25718 -1.87855
4.25852 -2.00468
4.25986 -2.13065
4.2612 -2.25647
4.26254 -2.38212
4.26388 -2.50759
4.26522 -2.63287
4.26656 -2.75796
4.2679 -2.88284
4.26924 -3.0075
4.27058 -3.13194
4.27192 -3.25615
4.27326 -3.38011
4.2746 -3.50382
4.27594 -3.62727
4.27728 -3.75045
4.27862 -3.87335
4.27996 -3.99596
4.2813 -4.11828
4.28264 -4.24029
4.28398 -4.36199
4.28532 -4.48336
4.28666 -4.60441
4.288 -4.72512
4.28934 -4.84548
4.29068 -4.96548
4.29202 -5.08512
4.29336 -5.20439
4.2947 -5.32328
4.29604 -5.44179
4.29738 -5.55989
4.29872 -5.6776
4.30006 -5.79489
4.3014 -5.91177
4.30274 -6.02823
4.30408 -6.14425
4.30542 -6.25983
4.30676 -6.37496
4.3081 -6.48964
4.30944 -6.60387
4.31078 -6.71762
4.31212 -6.8309
4.31346 -6.9437
4.3148 -7.05601
4.31614 -7.16783
4.31748 -7.27916
4.31882 -7.38997
4.32016 -7.50028
4.3215 -7.61006
4.32284 -7.71933
4.32418 -7.82806
4.32552 -7.93627
4.32686 -8.04393
4.3282 -8.15104
4.32954 -8.25761
4.33088 -8.36362
4.33222 -8.46907
4.33356 -8.57396
4.3349 -8.67828
4.33624 -8.78202
4.33758 -8.88518
4.33892 -8.98776
4.34026 -9.08975
4.3416 -9.19115
4.34294 -9.29196
4.34428 -9.39216
4.34562 -9.49177
4.34696 -9.59076
4.3483 -9.68914
4.34964 -9.78691
4.35098 -9.88407
4.35232 -9.9806
4.35366 -10.0765
4.355 -10.1718
4.35634 -10.2664
4.35768 -10.3605
4.35902 -10.4539
4.36036 -10.5466
4.3617 -10.6387
4.36304 -10.7302
4.36438 -10.821
4.36572 -10.9112
4.36706 -11.0007
4.3684 -11.0896
4.36974 -11.1778
4.37108 -11.2654
4.37242 -11.3523
4.37376 -11.4386
4.3751 -11.5242
4.37644 -11.6091
4.37778 -11.6934
4.37912 -11.7771
4.38046 -11.86
4.3818 -11.9424
4.38314 -12.024
4.38448 -12.105
4.38582 -12.1853
4.38716 -12.265
4.3885 -12.344
4.38984 -12.4223
4.39118 -12.5
4.39252 -12.577
4.39386 -12.6533
4.3952 -12.729
4.39654 -12.804
4.39788 -12.8784
4.39922 -12.9521
4.40056 -13.0251
4.4019 -13.0975
4.40324 -13.1692
4.40458 -13.2403
4.40592 -13.3107
4.40726 -13.3804
4.4086 -13.4495
4.40994 -13.518
4.41128 -13.5858
4.41262 -13.6529
4.41396 -13.7194
4.4153 -13.7852
4.41664 -13.8504
4.41798 -13.915
4.41932 -13.9789
4.42066 -14.0421
4.422 -14.1048
4.42334 -14.1668
4.42468 -14.2281
4.42602 -14.2889
4.42736 -14.349
4.4287 -14.4084
4.43004 -14.4673
4.43138 -14.5255
4.43272 -14.5831
4.43406 -14.6401
4.4354 -14.6964
4.43674 -14.7522
4.43808 -14.8074
4.43942 -14.8619
4.44076 -14.9158
4.4421 -14.9692
4.44344 -15.0219
4.44478 -15.074
4.44612 -15.1256
4.44746 -15.1765
4.4488 -15.2269
4.45014 -15.2767
4.45148 -15.3259
4.45282 -15.3745
4.45416 -15.4226
4.4555 -15.47
4.45684 -15.517
4.45818 -15.5633
4.45952 -15.6091
4.46086 -15.6543
4.4622 -15.699
4.46354 -15.7431
4.46488 -15.7867
4.46622 -15.8297
4.46756 -15.8722
4.4689 -15.9142
4.47024 -15.9556
4.47158 -15.9965
4.47292 -16.0368
4.47426 -16.0767
4.4756 -16.116
4.47694 -16.1548
4.47828 -16.1931
4.47962 -16.2308
4.48096 -16.2681
4.4823 -16.3049
4.48364 -16.3412
4.48498 -16.3769
4.48632 -16.4122
4.48766 -16.447
4.489 -16.4813
4.49034 -16.5152
4.49168 -16.5485
4.49302 -16.5814
4.49436 -16.6138
4.4957 -16.6458
4.49704 -16.6773
4.49838 -16.7083
4.49972 -16.7389
4.50106 -16.769
4.5024 -16.7987
4.50374 -16.8279
4.50508 -16.8567
4.50642 -16.885
4.50776 -16.9129
4.5091 -16.9404
4.51044 -16.9675
4.51178 -16.9941
4.51312 -17.0203
4.51446 -17.0461
4.5158 -17.0715
4.51714 -17.0965
4.51848 -17.1211
4.51982 -17.1452
4.52116 -17.169
4.5225 -17.1924
4.52384 -17.2154
4.52518 -17.238
4.52652 -17.2602
4.52786 -17.282
4.5292 -17.3034
4.53054 -17.3245
4.53188 -17.3452
4.53322 -17.3655
4.53456 -17.3854
4.5359 -17.405
4.53724 -17.4242
4.53858 -17.4431
4.53992 -17.4616
4.54126 -17.4798
4.5426 -17.4976
4.54394 -17.515
4.54528 -17.5322
4.54662 -17.5489
4.54796 -17.5654
4.5493 -17.5815
4.55064 -17.5972
4.55198 -17.6127
4.55332 -17.6278
4.55466 -17.6426
4.556 -17.657
4.55734 -17.6712
4.55868 -17.685
4.56002 -17.6985
4.56136 -17.7117
4.5627 -17.7245
4.56404 -17.7371
4.56538 -17.7494
4.56672 -17.7613
4.56806 -17.773
4.5694 -17.7843
4.57074 -17.7954
4.57208 -17.8062
4.57342 -17.8166
4.57476 -17.8268
4.5761 -17.8367
4.57744 -17.8463
4.57878 -17.8556
4.58012 -17.8646
4.58146 -17.8734
4.5828 -17.8818
4.58414 -17.89
4.58548 -17.8979
4.58682 -17.9055
4.58816 -17.9129
4.5895 -17.9199
4.59084 -17.9267
4.59218 -17.9333
4.59352 -17.9395
4.59486 -17.9455
4.5962 -17.9512
4.59754 -17.9567
4.59888 -17.9619
4.60022 -17.9668
4.60156 -17.9715
4.6029 -17.9759
4.60424 -17.98
4.60558 -17.9839
4.60692 -17.9875
4.60826 -17.9908
4.6096 -17.9939
4.61094 -17.9967
4.61228 -17.9993
4.61362 -18.0016
4.61496 -18.0037
4.6163 -18.0055
4.61764 -18.0071
4.61898 -18.0084
4.62032 -18.0094
4.62166 -18.0102
4.623 -18.0107
4.62434 -18.011
4.62568 -18.011
4.62702 -18.0107
4.62836 -18.0103
4.6297 -18.0095
4.63104 -18.0085
4.63238 -18.0072
4.63372 -18.0057
4.63506 -18.0039
4.6364 -18.0019
4.63774 -17.9996
4.63908 -17.9971
4.64042 -17.9943
4.64176 -17.9912
4.6431 -17.9879
4.64444 -17.9843
4.64578 -17.9805
4.64712 -17.9764
4.64846 -17.972
4.6498 -17.9674
4.65114 -17.9625
4.65248 -17.9573
4.65382 -17.9519
4.65516 -17.9462
4.6565 -17.9403
4.65784 -17.9341
4.65918 -17.9276
4.66052 -17.9208
4.66186 -17.9137
4.6632 -17.9064
4.66454 -17.8988
4.66588 -17.891
4.66722 -17.8828
4.66856 -17.8744
4.6699 -17.8657
4.67124 -17.8567
4.67258 -17.8474
4.67392 -17.8379
4.67526 -17.828
4.6766 -17.8179
4.67794 -17.8074
4.67928 -17.7967
4.68062 -17.7857
4.68196 -17.7743
4.6833 -17.7627
4.68464 -17.7508
4.68598 -17.7386
4.68732 -17.726
4.68866 -17.7132
4.69 -17.7
4.69134 -17.6865
4.69268 -17.6727
4.69402 -17.6586
4.69536 -17.6442
4.6967 -17.6294
4.69804 -17.6144
4.69938 -17.599
4.70072 -17.5832
4.70206 -17.5672
4.7034 -17.5507
4.70474 -17.534
4.70608 -17.5169
4.70742 -17.4995
4.70876 -17.4817
4.7101 -17.4636
4.71144 -17.4451
4.71278 -17.4262
4.71412 -17.407
4.71546 -17.3875
4.7168 -17.3676
4.71814 -17.3473
4.71948 -17.3266
4.72082 -17.3055
4.72216 -17.2841
4.7235 -17.2623
4.72484 -17.2402
4.72618 -17.2176
4.72752 -17.1946
4.72886 -17.1713
4.7302 -17.1475
4.73154 -17.1234
4.73288 -17.0988
4.73422 -17.0739
4.73556 -17.0485
4.7369 -17.0227
4.73824 -16.9965
4.73958 -16.9699
4.74092 -16.9428
4.74226 -16.9153
4.7436 -16.8874
4.74494 -16.8591
4.74628 -16.8303
4.74762 -16.8011
4.74896 -16.7714
4.7503 -16.7413
4.75164 -16.7107
4.75298 -16.6797
4.75432 -16.6482
4.75566 -16.6163
4.757 -16.5839
4.75834 -16.551
4.75968 -16.5176
4.76102 -16.4838
4.76236 -16.4495
4.7637 -16.4146
4.76504 -16.3794
4.76638 -16.3436
4.76772 -16.3073
4.76906 -16.2705
4.7704 -16.2332
4.77174 -16.1954
4.77308 -16.1571
4.77442 -16.1183
4.77576 -16.0789
4.7771 -16.0391
4.77844 -15.9987
4.77978 -15.9578
4.78112 -15.9163
4.78246 -15.8743
4.7838 -15.8318
4.78514 -15.7887
4.78648 -15.7451
4.78782 -15.701
4.78916 -15.6562
4.7905 -15.611
4.79184 -15.5651
4.79318 -15.5187
4.79452 -15.4718
4.79586 -15.4242
4.7972 -15.3761
4.79854 -15.3274
4.79988 -15.2781
4.80122 -15.2283
4.80256 -15.1779
4.8039 -15.1268
4.80524 -15.0752
4.80658 -15.023
4.80792 -14.9702
4.80926 -14.9167
4.8106 -14.8627
4.81194 -14.8081
4.81328 -14.7528
4.81462 -14.697
4.81596 -14.6405
4.8173 -14.5834
4.81864 -14.5257
4.81998 -14.4673
4.82132 -14.4084
4.82266 -14.3488
4.824 -14.2886
4.82534 -14.2277
4.82668 -14.1662
4.82802 -14.1041
4.82936 -14.0413
4.8307 -13.9779
4.83204 -13.9138
4.83338 -13.8491
4.83472 -13.7837
4.83606 -13.7177
4.8374 -13.6511
4.83874 -13.5837
4.84008 -13.5158
4.84142 -13.4471
4.84276 -13.3778
4.8441 -13.3079
4.84544 -13.2373
4.84678 -13.166
4.84812 -13.0941
4.84946 -13.0215
4.8508 -12.9482
4.85214 -12.8743
4.85348 -12.7997
4.85482 -12.7244
4.85616 -12.6485
4.8575 -12.5719
4.85884 -12.4946
4.86018 -12.4167
4.86152 -12.3381
4.86286 -12.2588
4.8642 -12.1789
4.86554 -12.0983
4.86688 -12.017
4.86822 -11.935
4.86956 -11.8524
4.8709 -11.7691
4.87224 -11.6851
4.87358 -11.6005
4.87492 -11.5152
4.87626 -11.4293
4.8776 -11.3426
4.87894 -11.2554
4.88028 -11.1674
4.88162 -11.0788
4.88296 -10.9896
4.8843 -10.8996
4.88564 -10.8091
4.88698 -10.7178
4.88832 -10.626
4.88966 -10.5334
4.891 -10.4403
4.89234 -10.3464
4.89368 -10.252
4.89502 -10.1569
4.89636 -10.0611
4.8977 -9.96477
4.89904 -9.86776
4.90038 -9.77013
4.90172 -9.67187
4.90306 -9.57299
4.9044 -9.4735
4.90574 -9.37338
4.90708 -9.27266
4.90842 -9.17133
4.90976 -9.06939
4.9111 -8.96685
4.91244 -8.86372
4.91378 -8.76
4.91512 -8.65569
4.91646 -8.5508
4.9178 -8.44533
4.91914 -8.33928
4.92048 -8.23267
4.92182 -8.12549
4.92316 -8.01776
4.9245 -7.90947
4.92584 -7.80064
4.92718 -7.69126
4.92852 -7.58134
4.92986 -7.4709
4.9312 -7.35992
4.93254 -7.24843
4.93388 -7.13643
4.93522 -7.02392
4.93656 -6.9109
4.9379 -6.79739
4.93924 -6.6834
4.94058 -6.56892
4.94192 -6.45396
4.94326 -6.33854
4.9446 -6.22266
4.94594 -6.10632
4.94728 -5.98953
4.94862 -5.87231
4.94996 -5.75465
4.9513 -5.63657
4.95264 -5.51806
4.95398 -5.39915
4.95532 -5.27984
4.95666 -5.16013
4.958 -5.04003
4.95934 -4.91956
4.96068 -4.79871
4.96202 -4.6775
4.96336 -4.55594
4.9647 -4.43403
4.96604 -4.31178
4.96738 -4.18921
4.96872 -4.06631
4.97006 -3.9431
4.9714 -3.81959
4.97274 -3.69578
4.97408 -3.57169
4.97542 -3.44733
4.97676 -3.32269
4.9781 -3.1978
4.97944 -3.07266
4.98078 -2.94728
4.98212 -2.82166
4.98346 -2.69583
4.9848 -2.56978
4.98614 -2.44353
4.98748 -2.31709
4.98882 -2.19047
4.99016 -2.06367
4.9915 -1.93671
4.99284 -1.80959
4.99418 -1.68233
4.99552 -1.55493
4.99686 -1.42741
4.9982 -1.29977
4.99954 -1.17203
5.00088 -1.04419
5.00222 -0.916263
5.00356 -0.788262
5.0049 -0.660195
5.00624 -0.532072
5.00758 -0.403903
5.00892 -0.275699
5.01026 -0.147468
5.0116 -0.0192211
5.01294 0.109032
5.01428 0.237281
5.01562 0.365516
5.01696 0.493726
5.0183 0.621903
5.01964 0.750036
5.02098 0.878115
5.02232 1.00613
5.02366 1.13407
5.025 1.26193
5.02634 1.38969
5.02768 1.51735
5.02902 1.6449
5.03036 1.77232
5.0317 1.89961
5.03304 2.02676
5.03438 2.15375
5.03572 2.28058
5.03706 2.40724
5.0384 2.53372
5.03974 2.66001
5.04108 2.78609
5.04242 2.91197
5.04376 3.03762
5.0451 3.16305
5.04644 3.28824
5.04778 3.41318
5.04912 3.53786
5.05046 3.66228
5.0518 3.78642
5.05314 3.91028
5.05448 4.03385
5.05582 4.15711
5.05716 4.28007
5.0585 4.4027
5.05984 4.52501
5.06118 4.64698
5.06252 4.7686
5.06386 4.88988
5.0652 5.01079
5.06654 5.13133
5.06788 5.25149
5.06922 5.37126
5.07056 5.49065
5.0719 5.60963
5.07324 5.7282
5.07458 5.84635
5.07592 5.96408
5.07726 6.08137
5.0786 6.19823
5.07994 6.31464
5.08128 6.4306
5.08262 6.54609
5.08396 6.66112
5.0853 6.77567
5.08664 6.88974
5.08798 7.00332
5.08932 7.1164
5.09066 7.22899
5.092 7.34106
5.09334 7.45263
5.09468 7.56367
5.09602 7.67419
5.09736 7.78417
5.0987 7.89362
5.10004 8.00253
5.10138 8.11088
5.10272 8.21869
5.10406 8.32593
5.1054 8.43261
5.10674 8.53872
5.10808 8.64426
5.10942 8.74922
5.11076 8.85359
5.1121 8.95737
5.11344 9.06057
5.11478 9.16316
5.11612 9.26516
5.11746 9.36655
5.1188 9.46733
5.12014 9.5675
5.12148 9.66705
5.12282 9.76599
5.12416 9.8643
5.1255 9.96198
5.12684 10.059
5.12818 10.1555
5.12952 10.2512
5.13086 10.3464
5.1322 10.4409
5.13354 10.5347
5.13488 10.628
5.13622 10.7205
5.13756 10.8124
5.1389 10.9037
5.14024 10.9943
5.14158 11.0842
5.14292 11.1735
5.14426 11.2622
5.1456 11.3501
5.14694 11.4374
5.14828 11.5241
5.14962 11.61
5.15096 11.6953
5.1523 11.78
5.15364 11.8639
5.15498 11.9472
5.15632 12.0299
5.15766 12.1118
5.159 12.1931
5.16034 12.2737
5.16168 12.3537
5.16302 12.4329
5.16436 12.5115
5.1657 12.5895
5.16704 12.6667
5.16838 12.7433
5.16972 12.8192
5.17106 12.8945
5.1724 12.969
5.17374 13.0429
5.17508 13.1162
5.17642 13.1887
5.17776 13.2606
5.1791 13.3319
5.18044 13.4025
5.18178 13.4724
5.18312 13.5416
5.18446 13.6102
5.1858 13.6781
5.18714 13.7454
5.18848 13.812
5.18982 13.8779
5.19116 13.9432
5.1925 14.0079
5.19384 14.0719
5.19518 14.1353
5.19652 14.198
5.19786 14.26
5.1992 14.3215
5.20054 14.3823
5.20188 14.4424
5.20322 14.5019
5.20456 14.5608
5.2059 14.6191
5.20724 14.6767
5.20858 14.7337
5.20992 14.7901
5.21126 14.8459
5.2126 14.901
5.21394 14.9556
5.21528 15.0095
5.21662 15.0628
5.21796 15.1155
5.2193 15.1677
5.22064 15.2192
5.22198 15.2701
5.22332 15.3204
5.22466 15.3702
5.226 15.4193
5.22734 15.4679
5.22868 15.5159
5.23002 15.5633
5.23136 15.6102
5.2327 15.6565
5.23404 15.7022
5.23538 15.7474
5.23672 15.792
5.23806 15.836
5.2394 15.8795
5.24074 15.9224
5.24208 15.9648
5.24342 16.0067
5.24476 16.048
5.2461 16.0888
5.24744 16.1291
5.24878 16.1688
5.25012 16.208
5.25146 16.2467
5.2528 16.2849
5.25414 16.3225
5.25548 16.3597
5.25682 16.3963
5.25816 16.4325
5.2595 16.4681
5.26084 16.5033
5.26218 16.538
5.26352 16.5722
5.26486 16.6059
5.2662 16.6391
5.26754 16.6718
5.26888 16.7041
5.27022 16.7359
5.27156 16.7673
5.2729 16.7982
5.27424 16.8286
5.27558 16.8586
5.27692 16.8881
5.27826 16.9172
5.2796 16.9459
5.28094 16.9741
5.28228 17.0018
5.28362 17.0292
5.28496 17.0561
5.2863 17.0826
5.28764 17.1087
5.28898 17.1343
5.29032 17.1596
5.29166 17.1844
5.293 17.2088
5.29434 17.2329
5.29568 17.2565
5.29702 17.2797
5.29836 17.3026
5.2997 17.325
5.30104 17.3471
5.30238 17.3688
5.30372 17.3901
5.30506 17.411
5.3064 17.4316
5.30774 17.4518
5.30908 17.4716
5.31042 17.491
5.31176 17.5101
5.3131 17.5289
5.31444 17.5473
5.31578 17.5653
5.31712 17.583
5.31846 17.6003
5.3198 17.6173
5.32114 17.634
5.32248 17.6503
5.32382 17.6663
5.32516 17.682
5.3265 17.6973
5.32784 17.7123
5.32918 17.727
5.33052 17.7413
5.33186 17.7554
5.3332 17.7691
5.33454 17.7825
5.33588 17.7956
5.33722 17.8084
5.33856 17.8209
5.3399 17.8331
5.34124 17.845
5.34258 17.8566
5.34392 17.8679
5.34526 17.8789
5.3466 17.8896
5.34794 17.9
5.34928 17.9101
5.35062 17.9199
5.35196 17.9295
5.3533 17.9388
5.35464 17.9477
5.35598 17.9564
5.35732 17.9649
5.35866 17.973
5.36 17.9809
5.36134 17.9885
5.36268 17.9958
5.36402 18.0029
5.36536 18.0097
5.3667 18.0162
5.36804 18.0225
5.36938 18.0285
5.37072 18.0342
5.37206 18.0396
5.3734 18.0449
5.37474 18.0498
5.37608 18.0545
5.37742 18.0589
5.37876 18.0631
5.3801 18.067
5.38144 18.0706
5.38278 18.074
5.38412 18.0772
5.38546 18.0801
5.3868 18.0827
5.38814 18.0851
5.38948 18.0872
5.39082 18.0891
5.39216 18.0907
5.3935 18.0921
5.39484 18.0933
5.39618 18.0941
5.39752 18.0948
5.39886 18.0951
5.4002 18.0953
5.40154 18.0951
5.40288 18.0948
5.40422 18.0941
5.40556 18.0933
5.4069 18.0921
5.40824 18.0908
5.40958 18.0891
5.41092 18.0873
5.41226 18.0851
5.4136 18.0827
5.41494 18.0801
5.41628 18.0772
5.41762 18.0741
5.41896 18.0707
5.4203 18.067
5.42164 18.0631
5.42298 18.0589
5.42432 18.0545
5.42566 18.0498
5.427 18.0449
5.42834 18.0397
5.42968 18.0342
5.43102 18.0285
5.43236 18.0225
5.4337 18.0162
5.43504 18.0097
5.43638 18.0029
5.43772 17.9959
5.43906 17.9885
5.4404 17.9809
5.44174 17.9731
5.44308 17.9649
5.44442 17.9565
5.44576 17.9478
5.4471 17.9388
5.44844 17.9295
5.44978 17.92
5.45112 17.9101
5.45246 17.9
5.4538 17.8896
5.45514 17.8789
5.45648 17.8679
5.45782 17.8566
5.45916 17.845
5.4605 17.8331
5.46184 17.8209
5.46318 17.8084
5.46452 17.7956
5.46586 17.7825
5.4672 17.7691
5.46854 17.7553
5.46988 17.7413
5.47122 17.7269
5.47256 17.7122
5.4739 17.6972
5.47524 17.6819
5.47658 17.6662
5.47792 17.6502
5.47926 17.6339
5.4806 17.6172
5.48194 17.6002
5.48328 17.5828
5.48462 17.5651
5.48596 17.5471
5.4873 17.5287
5.48864 17.5099
5.48998 17.4908
5.49132 17.4713
5.49266 17.4515
5.494 17.4313
5.49534 17.4107
5.49668 17.3897
5.49802 17.3684
5.49936 17.3467
5.5007 17.3246
5.50204 17.3021
5.50338 17.2793
5.50472 17.256
5.50606 17.2323
5.5074 17.2083
5.50874 17.1838
5.51008 17.159
5.51142 17.1337
5.51276 17.108
5.5141 17.0819
5.51544 17.0554
5.51678 17.0284
5.51812 17.001
5.51946 16.9732
5.5208 16.9449
5.52214 16.9163
5.52348 16.8871
5.52482 16.8575
5.52616 16.8275
5.5275 16.797
5.52884 16.7661
5.53018 16.7347
5.53152 16.7028
5.53286 16.6705
5.5342 16.6377
5.53554 16.6044
5.53688 16.5706
5.53822 16.5364
5.53956 16.5016
5.5409 16.4664
5.54224 16.4307
5.54358 16.3945
5.54492 16.3577
5.54626 16.3205
5.5476 16.2828
5.54894 16.2445
5.55028 16.2058
5.55162 16.1665
5.55296 16.1266
5.5543 16.0863
5.55564 16.0454
5.55698 16.004
5.55832 15.962
5.55966 15.9196
5.561 15.8765
5.56234 15.8329
5.56368 15.7888
5.56502 15.7441
5.56636 15.6988
5.5677 15.653
5.56904 15.6066
5.57038 15.5596
5.57172 15.512
5.57306 15.4639
5.5744 15.4152
5.57574 15.3659
5.57708 15.316
5.57842 15.2655
5.57976 15.2145
5.5811 15.1628
5.58244 15.1105
5.58378 15.0577
5.58512 15.0042
5.58646 14.9501
5.5878 14.8954
5.58914 14.8401
5.59048 14.7841
5.59182 14.7276
5.59316 14.6704
5.5945 14.6125
5.59584 14.5541
5.59718 14.495
5.59852 14.4353
5.59986 14.3749
5.6012 14.314
5.60254 14.2523
5.60388 14.19
5.60522 14.1271
5.60656 14.0635
5.6079 13.9993
5.60924 13.9344
5.61058 13.8689
5.61192 13.8027
5.61326 13.7358
5.6146 13.6683
5.61594 13.6001
5.61728 13.5312
5.61862 13.4617
5.61996 13.3915
5.6213 13.3207
5.62264 13.2492
5.62398 13.177
5.62532 13.1041
5.62666 13.0306
5.628 12.9564
5.62934 12.8815
5.63068 12.8059
5.63202 12.7297
5.63336 12.6528
5.6347 12.5752
5.63604 12.4969
5.63738 12.4179
5.63872 12.3383
5.64006 12.258
5.6414 12.177
5.64274 12.0954
5.64408 12.013
5.64542 11.93
5.64676 11.8463
5.6481 11.7619
5.64944 11.6769
5.65078 11.5912
5.65212 11.5048
5.65346 11.4177
5.6548 11.33
5.65614 11.2416
5.65748 11.1525
5.65882 11.0627
5.66016 10.9723
5.6615 10.8812
5.66284 10.7895
5.66418 10.6971
5.66552 10.604
5.66686 10.5103
5.6682 10.416
5.66954 10.3209
5.67088 10.2253
5.67222 10.129
5.67356 10.032
5.6749 9.9344
5.67624 9.83617
5.67758 9.7373
5.67892 9.63779
5.68026 9.53767
5.6816 9.43691
5.68294 9.33554
5.68428 9.23355
5.68562 9.13095
5.68696 9.02774
5.6883 8.92392
5.68964 8.8195
5.69098 8.71449
5.69232 8.60889
5.69366 8.5027
5.695 8.39593
5.69634 8.28858
5.69768 8.18066
5.69902 8.07217
5.70036 7.96312
5.7017 7.85351
5.70304 7.74336
5.70438 7.63266
5.70572 7.52142
5.70706 7.40964
5.7084 7.29734
5.70974 7.18452
5.71108 7.07118
5.71242 6.95733
5.71376 6.84298
5.7151 6.72814
5.71644 6.6128
5.71778 6.49699
5.71912 6.38069
5.72046 6.26393
5.7218 6.14671
5.72314 6.02903
5.72448 5.91091
5.72582 5.79235
5.72716 5.67335
5.7285 5.55393
5.72984 5.4341
5.73118 5.31385
5.73252 5.19321
5.73386 5.07217
5.7352 4.95075
5.73654 4.82895
5.73788 4.70678
5.73922 4.58425
5.74056 4.46138
5.7419 4.33816
5.74324 4.2146
5.74458 4.09072
5.74592 3.96652
5.74726 3.84202
5.7486 3.71722
5.74994 3.59212
5.75128 3.46675
5.75262 3.34111
5.75396 3.2152
5.7553 3.08904
5.75664 2.96264
5.75798 2.836
5.75932 2.70914
5.76066 2.58207
5.762 2.45479
5.76334 2.32731
5.76468 2.19965
5.76602 2.07181
5.76736 1.94381
5.7687 1.81565
5.77004 1.68734
5.77138 1.55889
5.77272 1.43032
5.77406 1.30164
5.7754 1.17284
5.77674 1.04395
5.77808 0.914973
5.77942 0.785919
5.78076 0.656799
5.7821 0.527622
5.78344 0.3984
5.78478 0.269141
5.78612 0.139857
5.78746 0.010557
5.7888 -0.118748
5.79014 -0.248049
5.79148 -0.377334
5.79282 -0.506594
5.79416 -0.635819
5.7955 -0.764999
5.79684 -0.894123
5.79818 -1.02318
5.79952 -1.15216
5.80086 -1.28106
5.8022 -1.40986
5.80354 -1.53855
5.80488 -1.66713
5.80622 -1.79558
5.80756 -1.9239
5.8089 -2.05207
5.81024 -2.18008
5.81158 -2.30793
5.81292 -2.4356
5.81426 -2.56308
5.8156 -2.69037
5.81694 -2.81746
5.81828 -2.94433
5.81962 -3.07098
5.82096 -3.19739
5.8223 -3.32356
5.82364 -3.44948
5.82498 -3.57513
5.82632 -3.70052
5.82766 -3.82562
5.829 -3.95044
5.83034 -4.07495
5.83168 -4.19916
5.83302 -4.32305
5.83436 -4.44662
5.8357 -4.56985
5.83704 -4.69274
5.83838 -4.81528
5.83972 -4.93746
5.84106 -5.05927
5.8424 -5.1807
5.84374 -5.30175
5.84508 -5.42241
5.84642 -5.54266
5.84776 -5.66251
5.8491 -5.78193
5.85044 -5.90094
5.85178 -6.01951
5.85312 -6.13764
5.85446 -6.25532
5.8558 -6.37255
5.85714 -6.48932
5.85848 -6.60561
5.85982 -6.72143
5.86116 -6.83677
5.8625 -6.95162
5.86384 -7.06597
5.86518 -7.17981
5.86652 -7.29315
5.86786 -7.40597
5.8692 -7.51827
5.87054 -7.63004
5.87188 -7.74127
5.87322 -7.85197
5.87456 -7.96211
5.8759 -8.07171
5.87724 -8.18075
5.87858 -8.28922
5.87992 -8.39713
5.88126 -8.50446
5.8826 -8.61122
5.88394 -8.71739
5.88528 -8.82297
5.88662 -8.92796
5.88796 -9.03235
5.8893 -9.13614
5.89064 -9.23933
5.89198 -9.3419
5.89332 -9.44386
5.89466 -9.5452
5.896 -9.64592
5.89734 -9.74601
5.89868 -9.84547
5.90002 -9.9443
5.90136 -10.0425
5.9027 -10.1401
5.90404 -10.237
5.90538 -10.3332
5.90672 -10.4288
5.90806 -10.5238
5.9094 -10.6181
5.91074 -10.7118
5.91208 -10.8048
5.91342 -10.8971
5.91476 -10.9888
5.9161 -11.0798
5.91744 -11.1701
5.91878 -11.2598
5.92012 -11.3488
5.92146 -11.4372
5.9228 -11.5248
5.92414 -11.6118
5.92548 -11.6981
5.92682 -11.7838
5.92816 -11.8687
5.9295 -11.953
5.93084 -12.0366
5.93218 -12.1195
5.93352 -12.2018
5.93486 -12.2833
5.9362 -12.3642
5.93754 -12.4444
5.93888 -12.5239
5.94022 -12.6028
5.94156 -12.6809
5.9429 -12.7584
5.94424 -12.8352
5.94558 -12.9113
5.94692 -12.9868
5.94826 -13.0615
5.9496 -13.1356
5.95094 -13.209
5.95228 -13.2818
5.95362 -13.3538
5.95496 -13.4252
5.9563 -13.4959
5.95764 -13.566
5.95898 -13.6353
5.96032 -13.704
5.96166 -13.7721
5.963 -13.8394
5.96434 -13.9062
5.96568 -13.9722
5.96702 -14.0376
5.96836 -14.1023
5.9697 -14.1664
5.97104 -14.2298
5.97238 -14.2926
5.97372 -14.3547
5.97506 -14.4162
5.9764 -14.477
5.97774 -14.5372
5.97908 -14.5967
5.98042 -14.6556
5.98176 -14.7139
5.9831 -14.7715
5.98444 -14.8285
5.98578 -14.8849
5.98712 -14.9407
5.98846 -14.9958
5.9898 -15.0503
5.99114 -15.1042
5.99248 -15.1575
5.99382 -15.2102
5.99516 -15.2623
5.9965 -15.3137
5.99784 -15.3646
5.99918 -15.4149
6.00052 -15.4646
6.00186 -15.5136
6.0032 -15.5622
6.00454 -15.6101
6.00588 -15.6574
6.00722 -15.7042
6.00856 -15.7504
6.0099 -15.796
6.01124 -15.8411
6.01258 -15.8856
6.01392 -15.9295
6.01526 -15.9729
6.0166 -16.0157
6.01794 -16.058
6.01928 -16.0997
6.02062 -16.1409
6.02196 -16.1816
6.0233 -16.2217
6.02464 -16.2613
6.02598 -16.3004
6.02732 -16.339
6.02866 -16.377
6.03 -16.4145
6.03134 -16.4516
6.03268 -16.4881
6.03402 -16.5241
6.03536 -16.5596
6.0367 -16.5946
6.03804 -16.6291
6.03938 -16.6632
6.04072 -16.6967
6.04206 -16.7298
6.0434 -16.7624
6.04474 -16.7945
6.04608 -16.8262
6.04742 -16.8574
6.04876 -16.8881
6.0501 -16.9184
6.05144 -16.9482
6.05278 -16.9776
6.05412 -17.0065
6.05546 -17.035
6.0568 -17.063
6.05814 -17.0906
6.05948 -17.1178
6.06082 -17.1446
6.06216 -17.1709
6.0635 -17.1968
6.06484 -17.2223
6.06618 -17.2474
6.06752 -17.2721
6.06886 -17.2963
6.0702 -17.3202
6.07154 -17.3437
6.07288 -17.3668
6.07422 -17.3894
6.07556 -17.4117
6.0769 -17.4336
6.07824 -17.4552
6.07958 -17.4763
6.08092 -17.4971
6.08226 -17.5175
6.0836 -17.5376
6.08494 -17.5572
6.08628 -17.5765
6.08762 -17.5955
6.08896 -17.6141
6.0903 -17.6323
6.09164 -17.6502
6.09298 -17.6678
6.09432 -17.685
6.09566 -17.7019
6.097 -17.7184
6.09834 -17.7346
6.09968 -17.7505
6.10102 -17.766
6.10236 -17.7812
6.1037 -17.7961
6.10504 -17.8107
6.10638 -17.8249
6.10772 -17.8389
6.10906 -17.8525
6.1104 -17.8658
6.11174 -17.8788
6.11308 -17.8915
6.11442 -17.9039
6.11576 -17.916
6.1171 -17.9278
6.11844 -17.9393
6.11978 -17.9505
6.12112 -17.9614
6.12246 -17.9721
6.1238 -17.9824
6.12514 -17.9924
6.12648 -18.0022
6.12782 -18.0117
6.12916 -18.0209
6.1305 -18.0299
6.13184 -18.0385
6.13318 -18.0469
6.13452 -18.055
6.13586 -18.0628
6.1372 -18.0704
6.13854 -18.0777
6.13988 -18.0848
6.14122 -18.0915
6.14256 -18.098
6.1439 -18.1043
6.14524 -18.1103
6.14658 -18.116
6.14792 -18.1215
6.14926 -18.1267
6.1506 -18.1316
6.15194 -18.1363
6.15328 -18.1408
6.15462 -18.145
6.15596 -18.1489
6.1573 -18.1526
6.15864 -18.156
6.15998 -18.1592
6.16132 -18.1622
6.16266 -18.1648
6.164 -18.1673
6.16534 -18.1695
6.16668 -18.1714
6.16802 -18.1731
6.16936 -18.1746
6.1707 -18.1758
6.17204 -18.1768
6.17338 -18.1775
6.17472 -18.178
6.17606 -18.1782
6.1774 -18.1782
6.17874 -18.1779
6.18008 -18.1774
6.18142 -18.1767
6.18276 -18.1757
6.1841 -18.1744
6.18544 -18.1729
6.18678 -18.1712
6.18812 -18.1692
6.18946 -18.167
6.1908 -18.1645
6.19214 -18.1618
6.19348 -18.1588
6.19482 -18.1556
6.19616 -18.1521
6.1975 -18.1484
6.19884 -18.1444
6.20018 -18.1402
6.20152 -18.1357
6.20286 -18.131
6.2042 -18.126
6.20554 -18.1207
6.20688 -18.1152
6.20822 -18.1095
6.20956 -18.1034
6.2109 -18.0972
6.21224 -18.0906
6.21358 -18.0838
6.21492 -18.0767
6.21626 -18.0694
6.2176 -18.0618
6.21894 -18.0539
6.22028 -18.0457
6.22162 -18.0373
6.22296 -18.0286
6.2243 -18.0196
6.22564 -18.0104
6.22698 -18.0009
6.22832 -17.991
6.22966 -17.9809
6.231 -17.9706
6.23234 -17.9599
6.23368 -17.9489
6.23502 -17.9377
6.23636 -17.9261
6.2377 -17.9143
6.23904 -17.9021
6.24038 -17.8897
6.24172 -17.8769
6.24306 -17.8639
6.2444 -17.8505
6.24574 -17.8368
6.24708 -17.8229
6.24842 -17.8085
6.24976 -17.7939
6.2511 -17.779
6.25244 -17.7637
6.25378 -17.7481
6.25512 -17.7322
6.25646 -17.7159
6.2578 -17.6993
6.25914 -17.6824
6.26048 -17.6651
6.26182 -17.6475
6.26316 -17.6296
6.2645 -17.6112
6.26584 -17.5926
6.26718 -17.5736
6.26852 -17.5542
6.26986 -17.5344
6.2712 -17.5143
6.27254 -17.4938
6.27388 -17.473
6.27522 -17.4518
6.27656 -17.4301
6.2779 -17.4082
6.27924 -17.3858
6.28058 -17.363
6.28192 -17.3399
6.28326 -17.3163
6.2846 -17.2923
6.28594 -17.268
6.28728 -17.2432
6.28862 -17.218
6.28996 -17.1925
6.2913 -17.1664
6.29264 -17.14
6.29398 -17.1132
6.29532 -17.0859
6.29666 -17.0582
6.298 -17.03
6.29934 -17.0014
6.30068 -16.9724
6.30202 -16.9429
6.30336 -16.913
6.3047 -16.8826
6.30604 -16.8517
6.30738 -16.8204
6.30872 -16.7887
6.31006 -16.7564
6.3114 -16.7237
6.31274 -16.6905
6.31408 -16.6568
6.31542 -16.6226
6.31676 -16.588
6.3181 -16.5528
6.31944 -16.5172
6.32078 -16.481
6.32212 -16.4444
6.32346 -16.4072
6.3248 -16.3695
6.32614 -16.3314
6.32748 -16.2926
6.32882 -16.2534
6.33016 -16.2136
6.3315 -16.1733
6.33284 -16.1325
6.33418 -16.0911
6.33552 -16.0492
6.33686 -16.0068
6.3382 -15.9638
6.33954 -15.9202
6.34088 -15.8761
6.34222 -15.8314
6.34356 -15.7861
6.3449 -15.7403
6.34624 -15.6939
6.34758 -15.6469
6.34892 -15.5994
6.35026 -15.5513
6.3516 -15.5025
6.35294 -15.4532
6.35428 -15.4033
6.35562 -15.3528
6.35696 -15.3017
6.3583 -15.25
6.35964 -15.1977
6.36098 -15.1448
6.36232 -15.0913
6.36366 -15.0371
6.365 -14.9823
6.36634 -14.9269
6.36768 -14.8709
6.36902 -14.8143
6.37036 -14.757
6.3717 -14.6991
6.37304 -14.6405
6.37438 -14.5814
6.37572 -14.5215
6.37706 -14.461
6.3784 -14.3999
6.37974 -14.3382
6.38108 -14.2757
6.38242 -14.2127
6.38376 -14.1489
6.3851 -14.0845
6.38644 -14.0195
6.38778 -13.9537
6.38912 -13.8874
6.39046 -13.8203
6.3918 -13.7526
6.39314 -13.6842
6.39448 -13.6151
6.39582 -13.5454
6.39716 -13.475
6.3985 -13.4039
6.39984 -13.3321
6.40118 -13.2597
6.40252 -13.1866
6.40386 -13.1127
6.4052 -13.0383
6.40654 -12.9631
6.40788 -12.8872
6.40922 -12.8107
6.41056 -12.7334
6.4119 -12.6555
6.41324 -12.5769
6.41458 -12.4976
6.41592 -12.4177
6.41726 -12.337
6.4186 -12.2556
6.41994 -12.1736
6.42128 -12.0909
6.42262 -12.0075
6.42396 -11.9234
6.4253 -11.8386
6.42664 -11.7531
6.42798 -11.667
6.42932 -11.5802
6.43066 -11.4926
6.432 -11.4044
6.43334 -11.3156
6.43468 -11.226
6.43602 -11.1358
6.43736 -11.0449
6.4387 -10.9533
6.44004 -10.8611
6.44138 -10.7681
6.44272 -10.6745
6.44406 -10.5803
6.4454 -10.4854
6.44674 -10.3898
6.44808 -10.2936
6.44942 -10.1967
6.45076 -10.0991
6.4521 -10.0009
6.45344 -9.9021
6.45478 -9.80261
6.45612 -9.70249
6.45746 -9.60173
6.4588 -9.50033
6.46014 -9.39831
6.46148 -9.29566
6.46282 -9.19239
6.46416 -9.0885
6.4655 -8.984
6.46684 -8.87889
6.46818 -8.77318
6.46952 -8.66686
6.47086 -8.55995
6.4722 -8.45245
6.47354 -8.34436
6.47488 -8.23569
6.47622 -8.12645
6.47756 -8.01663
6.4789 -7.90626
6.48024 -7.79532
6.48158 -7.68383
6.48292 -7.57179
6.48426 -7.45921
6.4856 -7.34609
6.48694 -7.23245
6.48828 -7.11828
6.48962 -7.0036
6.49096 -6.8884
6.4923 -6.77271
6.49364 -6.65651
6.49498 -6.53983
6.49632 -6.42266
6.49766 -6.30502
6.499 -6.18691
6.50034 -6.06833
6.50168 -5.94931
6.50302 -5.82983
6.50436 -5.70992
6.5057 -5.58958
6.50704 -5.46882
6.50838 -5.34764
6.50972 -5.22605
6.51106 -5.10407
6.5124 -4.98169
6.51374 -4.85894
6.51508 -4.7358
6.51642 -4.61231
6.51776 -4.48846
6.5191 -4.36426
6.52044 -4.23972
6.52178 -4.11485
6.52312 -3.98965
6.52446 -3.86415
6.5258 -3.73835
6.52714 -3.61225
6.52848 -3.48586
6.52982 -3.3592
6.53116 -3.23228
6.5325 -3.10509
6.53384 -2.97767
6.53518 -2.85
6.53652 -2.72211
6.53786 -2.594
6.5392 -2.46568
6.54054 -2.33716
6.54188 -2.20845
6.54322 -2.07957
6.54456 -1.95052
6.5459 -1.82131
6.54724 -1.69195
6.54858 -1.56245
6.54992 -1.43282
6.55126 -1.30308
6.5526 -1.17323
6.55394 -1.04328
6.55528 -0.913242
6.55662 -0.783129
6.55796 -0.652949
6.5593 -0.522712
6.56064 -0.392429
6.56198 -0.262111
6.56332 -0.131767
6.56466 -0.00140834
6.566 0.128955
6.56734 0.259313
6.56868 0.389655
6.57002 0.519971
6.57136 0.650249
6.5727 0.780481
6.57404 0.910655
6.57538 1.04076
6.57672 1.17079
6.57806 1.30073
6.5794 1.43057
6.58074 1.56031
6.58208 1.68992
6.58342 1.8194
6.58476 1.94875
6.5861 2.07795
6.58744 2.20698
6.58878 2.33585
6.59012 2.46454
6.59146 2.59304
6.5928 2.72133
6.59414 2.84942
6.59548 2.97729
6.59682 3.10494
6.59816 3.23234
6.5995 3.3595
6.60084 3.48639
6.60218 3.61302
6.60352 3.73938
6.60486 3.86545
6.6062 3.99122
6.60754 4.11669
6.60888 4.24185
6.61022 4.36668
6.61156 4.49118
6.6129 4.61534
6.61424 4.73915
6.61558 4.86261
6.61692 4.98569
6.61826 5.1084
6.6196 5.23073
6.62094 5.35267
6.62228 5.4742
6.62362 5.59533
6.62496 5.71604
6.6263 5.83633
6.62764 5.95618
6.62898 6.0756
6.63032 6.19456
6.63166 6.31307
6.633 6.43112
6.63434 6.54869
6.63568 6.66579
6.63702 6.78241
6.63836 6.89853
6.6397 7.01415
6.64104 7.12927
6.64238 7.24388
6.64372 7.35797
6.64506 7.47153
6.6464 7.58456
6.64774 7.69705
6.64908 7.809
6.65042 7.9204
6.65176 8.03125
6.6531 8.14153
6.65444 8.25125
6.65578 8.36039
6.65712 8.46896
6.65846 8.57694
6.6598 8.68434
6.66114 8.79114
6.66248 8.89734
6.66382 9.00295
6.66516 9.10794
6.6665 9.21232
6.66784 9.31609
6.66918 9.41924
6.67052 9.52176
6.67186 9.62366
6.6732 9.72492
6.67454 9.82555
6.67588 9.92553
6.67722 10.0249
6.67856 10.1236
6.6799 10.2216
6.68124 10.319
6.68258 10.4158
6.68392 10.5118
6.68526 10.6073
6.6866 10.702
6.68794 10.7961
6.68928 10.8895
6.69062 10.9823
6.69196 11.0744
6.6933 11.1658
6.69464 11.2565
6.69598 11.3466
6.69732 11.436
6.69866 11.5246
6.7 11.6127
