0 1.1
0.00134 1.1
0.00268 1.09997
0.00402 1.09991
0.00536 1.09981
0.0067 1.09969
0.00804 1.09953
0.00938 1.09934
0.01072 1.09912
0.01206 1.09887
0.0134 1.09859
0.01474 1.09827
0.01608 1.09793
0.01742 1.09755
0.01876 1.09714
0.0201 1.0967
0.02144 1.09623
0.02278 1.09573
0.02412 1.0952
0.02546 1.09463
0.0268 1.09404
0.02814 1.09341
0.02948 1.09275
0.03082 1.09206
0.03216 1.09134
0.0335 1.09059
0.03484 1.08981
0.03618 1.08899
0.03752 1.08815
0.03886 1.08727
0.0402 1.08636
0.04154 1.08542
0.04288 1.08445
0.04422 1.08345
0.04556 1.08241
0.0469 1.08135
0.04824 1.08025
0.04958 1.07913
0.05092 1.07797
0.05226 1.07678
0.0536 1.07556
0.05494 1.07431
0.05628 1.07303
0.05762 1.07172
0.05896 1.07037
0.0603 1.069
0.06164 1.0676
0.06298 1.06616
0.06432 1.06469
0.06566 1.06319
0.067 1.06167
0.06834 1.06011
0.06968 1.05852
0.07102 1.0569
0.07236 1.05524
0.0737 1.05356
0.07504 1.05185
0.07638 1.05011
0.07772 1.04833
0.07906 1.04653
0.0804 1.04469
0.08174 1.04283
0.08308 1.04093
0.08442 1.039
0.08576 1.03705
0.0871 1.03506
0.08844 1.03304
0.08978 1.03099
0.09112 1.02892
0.09246 1.02681
0.0938 1.02467
0.09514 1.0225
0.09648 1.0203
0.09782 1.01807
0.09916 1.01582
0.1005 1.01353
0.10184 1.01121
0.10318 1.00886
0.10452 1.00648
0.10586 1.00407
0.1072 1.00164
0.10854 0.999168
0.10988 0.99667
0.11122 0.994144
0.11256 0.991587
0.1139 0.989001
0.11524 0.986386
0.11658 0.983741
0.11792 0.981067
0.11926 0.978364
0.1206 0.975631
0.12194 0.972869
0.12328 0.970078
0.12462 0.967258
0.12596 0.964409
0.1273 0.96153
0.12864 0.958623
0.12998 0.955687
0.13132 0.952722
0.13266 0.949729
0.134 0.946707
0.13534 0.943656
0.13668 0.940576
0.13802 0.937468
0.13936 0.934332
0.1407 0.931167
0.14204 0.927974
0.14338 0.924753
0.14472 0.921503
0.14606 0.918226
0.1474 0.91492
0.14874 0.911586
0.15008 0.908225
0.15142 0.904835
0.15276 0.901418
0.1541 0.897974
0.15544 0.894501
0.15678 0.891001
0.15812 0.887474
0.15946 0.883919
0.1608 0.880337
0.16214 0.876728
0.16348 0.873091
0.16482 0.869428
0.16616 0.865738
0.1675 0.86202
0.16884 0.858276
0.17018 0.854505
0.17152 0.850708
0.17286 0.846884
0.1742 0.843033
0.17554 0.839156
0.17688 0.835253
0.17822 0.831324
0.17956 0.827368
0.1809 0.823387
0.18224 0.81938
0.18358 0.815346
0.18492 0.811288
0.18626 0.807203
0.1876 0.803093
0.18894 0.798958
0.19028 0.794797
0.19162 0.790611
0.19296 0.7864
0.1943 0.782163
0.19564 0.777902
0.19698 0.773616
0.19832 0.769306
0.19966 0.764971
0.201 0.760611
0.20234 0.756227
0.20368 0.751819
0.20502 0.747386
0.20636 0.74293
0.2077 0.73845
0.20904 0.733945
0.21038 0.729417
0.21172 0.724866
0.21306 0.720291
0.2144 0.715693
0.21574 0.711071
0.21708 0.706427
0.21842 0.701759
0.21976 0.697069
0.2211 0.692356
0.22244 0.68762
0.22378 0.682862
0.22512 0.678081
0.22646 0.673279
0.2278 0.668454
0.22914 0.663607
0.23048 0.658739
0.23182 0.653848
0.23316 0.648937
0.2345 0.644003
0.23584 0.639049
0.23718 0.634073
0.23852 0.629077
0.23986 0.624059
0.2412 0.619021
0.24254 0.613963
0.24388 0.608884
0.24522 0.603784
0.24656 0.598665
0.2479 0.593525
0.24924 0.588366
0.25058 0.583187
0.25192 0.577988
0.25326 0.57277
0.2546 0.567533
0.25594 0.562277
0.25728 0.557002
0.25862 0.551708
0.25996 0.546395
0.2613 0.541065
0.26264 0.535715
0.26398 0.530348
0.26532 0.524963
0.26666 0.519559
0.268 0.514139
0.26934 0.5087
0.27068 0.503245
0.27202 0.497772
0.27336 0.492283
0.2747 0.486776
0.27604 0.481253
0.27738 0.475713
0.27872 0.470158
0.28006 0.464586
0.2814 0.458998
0.28274 0.453394
0.28408 0.447775
0.28542 0.44214
0.28676 0.43649
0.2881 0.430825
0.28944 0.425145
0.29078 0.419451
0.29212 0.413742
0.29346 0.408018
0.2948 0.402281
0.29614 0.396529
0.29748 0.390764
0.29882 0.384985
0.30016 0.379193
0.3015 0.373387
0.30284 0.367569
0.30418 0.361737
0.30552 0.355893
0.30686 0.350037
0.3082 0.344168
0.30954 0.338287
0.31088 0.332394
0.31222 0.32649
0.31356 0.320574
0.3149 0.314647
0.31624 0.308709
0.31758 0.30276
0.31892 0.2968
0.32026 0.29083
0.3216 0.284849
0.32294 0.278858
0.32428 0.272858
0.32562 0.266848
0.32696 0.260828
0.3283 0.254799
0.32964 0.248761
0.33098 0.242714
0.33232 0.236658
0.33366 0.230594
0.335 0.224522
0.33634 0.218441
0.33768 0.212353
0.33902 0.206257
0.34036 0.200154
0.3417 0.194043
0.34304 0.187926
0.34438 0.181802
0.34572 0.175671
0.34706 0.169534
0.3484 0.16339
0.34974 0.157241
0.35108 0.151086
0.35242 0.144925
0.35376 0.13876
0.3551 0.132589
0.35644 0.126413
0.35778 0.120232
0.35912 0.114048
0.36046 0.107858
0.3618 0.101665
0.36314 0.0954685
0.36448 0.0892681
0.36582 0.0830643
0.36716 0.0768573
0.3685 0.0706474
0.36984 0.0644349
0.37118 0.0582198
0.37252 0.0520025
0.37386 0.0457832
0.3752 0.039562
0.37654 0.0333392
0.37788 0.027115
0.37922 0.0208896
0.38056 0.0146633
0.3819 0.00843621
0.38324 0.00220863
0.38458 -0.00401924
0.38592 -0.0102472
0.38726 -0.016475
0.3886 -0.0227024
0.38994 -0.0289293
0.39128 -0.0351554
0.39262 -0.0413804
0.39396 -0.0476042
0.3953 -0.0538266
0.39664 -0.0600473
0.39798 -0.0662661
0.39932 -0.0724828
0.40066 -0.0786971
0.402 -0.0849089
0.40334 -0.0911179
0.40468 -0.097324
0.40602 -0.103527
0.40736 -0.109726
0.4087 -0.115922
0.41004 -0.122114
0.41138 -0.128302
0.41272 -0.134485
0.41406 -0.140664
0.4154 -0.146839
0.41674 -0.153008
0.41808 -0.159173
0.41942 -0.165331
0.42076 -0.171485
0.4221 -0.177632
0.42344 -0.183774
0.42478 -0.189909
0.42612 -0.196038
0.42746 -0.20216
0.4288 -0.208276
0.43014 -0.214384
0.43148 -0.220485
0.43282 -0.226579
0.43416 -0.232664
0.4355 -0.238742
0.43684 -0.244812
0.43818 -0.250874
0.43952 -0.256927
0.44086 -0.262971
0.4422 -0.269006
0.44354 -0.275032
0.44488 -0.281049
0.44622 -0.287056
0.44756 -0.293054
0.4489 -0.299041
0.45024 -0.305019
0.45158 -0.310986
0.45292 -0.316942
0.45426 -0.322888
0.4556 -0.328822
0.45694 -0.334746
0.45828 -0.340658
0.45962 -0.346559
0.46096 -0.352448
0.4623 -0.358324
0.46364 -0.364189
0.46498 -0.370042
0.46632 -0.375881
0.46766 -0.381708
0.469 -0.387523
0.47034 -0.393324
0.47168 -0.399112
0.47302 -0.404886
0.47436 -0.410646
0.4757 -0.416393
0.47704 -0.422126
0.47838 -0.427844
0.47972 -0.433548
0.48106 -0.439238
0.4824 -0.444913
0.48374 -0.450572
0.48508 -0.456217
0.48642 -0.461846
0.48776 -0.46746
0.4891 -0.473058
0.49044 -0.47864
0.49178 -0.484206
0.49312 -0.489756
0.49446 -0.49529
0.4958 -0.500807
0.49714 -0.506307
0.49848 -0.51179
0.49982 -0.517257
0.50116 -0.522706
0.5025 -0.528137
0.50384 -0.533552
0.50518 -0.538948
0.50652 -0.544326
0.50786 -0.549687
0.5092 -0.555029
0.51054 -0.560353
0.51188 -0.565658
0.51322 -0.570945
0.51456 -0.576212
0.5159 -0.581461
0.51724 -0.58669
0.51858 -0.591901
0.51992 -0.597091
0.52126 -0.602262
0.5226 -0.607414
0.52394 -0.612545
0.52528 -0.617656
0.52662 -0.622747
0.52796 -0.627818
0.5293 -0.632868
0.53064 -0.637897
0.53198 -0.642906
0.53332 -0.647894
0.53466 -0.65286
0.536 -0.657805
0.53734 -0.662729
0.53868 -0.667632
0.54002 -0.672512
0.54136 -0.677371
0.5427 -0.682208
0.54404 -0.687023
0.54538 -0.691816
0.54672 -0.696587
0.54806 -0.701335
0.5494 -0.70606
0.55074 -0.710763
0.55208 -0.715443
0.55342 -0.7201
0.55476 -0.724734
0.5561 -0.729344
0.55744 -0.733932
0.55878 -0.738495
0.56012 -0.743036
0.56146 -0.747552
0.5628 -0.752045
0.56414 -0.756514
0.56548 -0.760959
0.56682 -0.765379
0.56816 -0.769776
0.5695 -0.774148
0.57084 -0.778495
0.57218 -0.782818
0.57352 -0.787116
0.57486 -0.79139
0.5762 -0.795638
0.57754 -0.799861
0.57888 -0.80406
0.58022 -0.808233
0.58156 -0.81238
0.5829 -0.816502
0.58424 -0.820599
0.58558 -0.82467
0.58692 -0.828715
0.58826 -0.832735
0.5896 -0.836728
0.59094 -0.840696
0.59228 -0.844637
0.59362 -0.848552
0.59496 -0.852441
0.5963 -0.856303
0.59764 -0.860139
0.59898 -0.863948
0.60032 -0.867731
0.60166 -0.871486
0.603 -0.875215
0.60434 -0.878917
0.60568 -0.882592
0.60702 -0.88624
0.60836 -0.889861
0.6097 -0.893454
0.61104 -0.89702
0.61238 -0.900559
0.61372 -0.90407
0.61506 -0.907554
0.6164 -0.91101
0.61774 -0.914438
0.61908 -0.917838
0.62042 -0.921211
0.62176 -0.924555
0.6231 -0.927871
0.62444 -0.93116
0.62578 -0.93442
0.62712 -0.937652
0.62846 -0.940855
0.6298 -0.944031
0.63114 -0.947177
0.63248 -0.950296
0.63382 -0.953385
0.63516 -0.956446
0.6365 -0.959479
0.63784 -0.962482
0.63918 -0.965457
0.64052 -0.968403
0.64186 -0.97132
0.6432 -0.974208
0.64454 -0.977067
0.64588 -0.979896
0.64722 -0.982697
0.64856 -0.985468
0.6499 -0.98821
0.65124 -0.990923
0.65258 -0.993606
0.65392 -0.99626
0.65526 -0.998884
0.6566 -1.00148
0.65794 -1.00404
0.65928 -1.00658
0.66062 -1.00909
0.66196 -1.01156
0.6633 -1.01401
0.66464 -1.01642
0.66598 -1.01881
0.66732 -1.02117
0.66866 -1.02349
0.67 -1.02579
0.67134 -1.02806
0.67268 -1.03029
0.67402 -1.0325
0.67536 -1.03467
0.6767 -1.03682
0.67804 -1.03894
0.67938 -1.04102
0.68072 -1.04308
0.68206 -1.0451
0.6834 -1.04709
0.68474 -1.04906
0.68608 -1.05099
0.68742 -1.05289
0.68876 -1.05477
0.6901 -1.05661
0.69144 -1.05842
0.69278 -1.0602
0.69412 -1.06195
0.69546 -1.06367
0.6968 -1.06535
0.69814 -1.06701
0.69948 -1.06864
0.70082 -1.07023
0.70216 -1.0718
0.7035 -1.07333
0.70484 -1.07483
0.70618 -1.07631
0.70752 -1.07775
0.70886 -1.07916
0.7102 -1.08054
0.71154 -1.08188
0.71288 -1.0832
0.71422 -1.08449
0.71556 -1.08574
0.7169 -1.08696
0.71824 -1.08816
0.71958 -1.08932
0.72092 -1.09045
0.72226 -1.09155
0.7236 -1.09261
0.72494 -1.09365
0.72628 -1.09465
0.72762 -1.09563
0.72896 -1.09657
0.7303 -1.09748
0.73164 -1.09836
0.73298 -1.09921
0.73432 -1.10003
0.73566 -1.10081
0.737 -1.10157
0.73834 -1.10229
0.73968 -1.10298
0.74102 -1.10364
0.74236 -1.10427
0.7437 -1.10486
0.74504 -1.10543
0.74638 -1.10596
0.74772 -1.10647
0.74906 -1.10694
0.7504 -1.10738
0.75174 -1.10779
0.75308 -1.10816
0.75442 -1.10851
0.75576 -1.10882
0.7571 -1.1091
0.75844 -1.10935
0.75978 -1.10957
0.76112 -1.10976
0.76246 -1.10992
0.7638 -1.11004
0.76514 -1.11013
0.76648 -1.1102
0.76782 -1.11022
0.76916 -1.11022
0.7705 -1.11019
0.77184 -1.11012
0.77318 -1.11003
0.77452 -1.1099
0.77586 -1.10974
0.7772 -1.10955
0.77854 -1.10933
0.77988 -1.10907
0.78122 -1.10879
0.78256 -1.10847
0.7839 -1.10812
0.78524 -1.10774
0.78658 -1.10733
0.78792 -1.10689
0.78926 -1.10641
0.7906 -1.1059
0.79194 -1.10537
0.79328 -1.1048
0.79462 -1.1042
0.79596 -1.10356
0.7973 -1.1029
0.79864 -1.10221
0.79998 -1.10148
0.80132 -1.10072
0.80266 -1.09993
0.804 -1.09911
0.80534 -1.09826
0.80668 -1.09737
0.80802 -1.09646
0.80936 -1.09551
0.8107 -1.09454
0.81204 -1.09353
0.81338 -1.09249
0.81472 -1.09141
0.81606 -1.09031
0.8174 -1.08918
0.81874 -1.08801
0.82008 -1.08682
0.82142 -1.08559
0.82276 -1.08433
0.8241 -1.08304
0.82544 -1.08172
0.82678 -1.08037
0.82812 -1.07898
0.82946 -1.07757
0.8308 -1.07612
0.83214 -1.07465
0.83348 -1.07314
0.83482 -1.0716
0.83616 -1.07003
0.8375 -1.06843
0.83884 -1.0668
0.84018 -1.06514
0.84152 -1.06344
0.84286 -1.06172
0.8442 -1.05996
0.84554 -1.05818
0.84688 -1.05636
0.84822 -1.05452
0.84956 -1.05264
0.8509 -1.05073
0.85224 -1.04879
0.85358 -1.04682
0.85492 -1.04482
0.85626 -1.04279
0.8576 -1.04073
0.85894 -1.03864
0.86028 -1.03652
0.86162 -1.03437
0.86296 -1.03219
0.8643 -1.02997
0.86564 -1.02773
0.86698 -1.02546
0.86832 -1.02316
0.86966 -1.02082
0.871 -1.01846
0.87234 -1.01607
0.87368 -1.01364
0.87502 -1.01119
0.87636 -1.00871
0.8777 -1.0062
0.87904 -1.00365
0.88038 -1.00108
0.88172 -0.998479
0.88306 -0.995848
0.8844 -0.993187
0.88574 -0.990496
0.88708 -0.987776
0.88842 -0.985026
0.88976 -0.982247
0.8911 -0.979438
0.89244 -0.976601
0.89378 -0.973734
0.89512 -0.970838
0.89646 -0.967913
0.8978 -0.964958
0.89914 -0.961975
0.90048 -0.958963
0.90182 -0.955922
0.90316 -0.952852
0.9045 -0.949753
0.90584 -0.946626
0.90718 -0.94347
0.90852 -0.940285
0.90986 -0.937072
0.9112 -0.933831
0.91254 -0.930561
0.91388 -0.927263
0.91522 -0.923936
0.91656 -0.920582
0.9179 -0.917199
0.91924 -0.913789
0.92058 -0.91035
0.92192 -0.906883
0.92326 -0.903389
0.9246 -0.899867
0.92594 -0.896318
0.92728 -0.89274
0.92862 -0.889136
0.92996 -0.885503
0.9313 -0.881844
0.93264 -0.878157
0.93398 -0.874443
0.93532 -0.870702
0.93666 -0.866934
0.938 -0.86314
0.93934 -0.859318
0.94068 -0.855469
0.94202 -0.851594
0.94336 -0.847692
0.9447 -0.843764
0.94604 -0.83981
0.94738 -0.835829
0.94872 -0.831822
0.95006 -0.827789
0.9514 -0.823729
0.95274 -0.819644
0.95408 -0.815533
0.95542 -0.811396
0.95676 -0.807234
0.9581 -0.803046
0.95944 -0.798833
0.96078 -0.794594
0.96212 -0.790331
0.96346 -0.786042
0.9648 -0.781728
0.96614 -0.777389
0.96748 -0.773025
0.96882 -0.768637
0.97016 -0.764224
0.9715 -0.759787
0.97284 -0.755325
0.97418 -0.750839
0.97552 -0.746329
0.97686 -0.741795
0.9782 -0.737237
0.97954 -0.732655
0.98088 -0.72805
0.98222 -0.723421
0.98356 -0.718768
0.9849 -0.714092
0.98624 -0.709394
0.98758 -0.704672
0.98892 -0.699927
0.99026 -0.695159
0.9916 -0.690369
0.99294 -0.685556
0.99428 -0.680721
0.99562 -0.675863
0.99696 -0.670983
0.9983 -0.666082
0.99964 -0.661158
1.00098 -0.656213
1.00232 -0.651246
1.00366 -0.646257
1.005 -0.641248
1.00634 -0.636217
1.00768 -0.631165
1.00902 -0.626092
1.01036 -0.620998
1.0117 -0.615884
1.01304 -0.610749
1.01438 -0.605594
1.01572 -0.600418
1.01706 -0.595223
1.0184 -0.590008
1.01974 -0.584773
1.02108 -0.579518
1.02242 -0.574244
1.02376 -0.568951
1.0251 -0.563639
1.02644 -0.558308
1.02778 -0.552957
1.02912 -0.547589
1.03046 -0.542201
1.0318 -0.536796
1.03314 -0.531372
1.03448 -0.52593
1.03582 -0.520471
1.03716 -0.514994
1.0385 -0.509499
1.03984 -0.503987
1.04118 -0.498458
1.04252 -0.492911
1.04386 -0.487348
1.0452 -0.481769
1.04654 -0.476172
1.04788 -0.47056
1.04922 -0.464931
1.05056 -0.459287
1.0519 -0.453626
1.05324 -0.447951
1.05458 -0.442259
1.05592 -0.436553
1.05726 -0.430831
1.0586 -0.425094
1.05994 -0.419343
1.06128 -0.413577
1.06262 -0.407797
1.06396 -0.402003
1.0653 -0.396195
1.06664 -0.390373
1.06798 -0.384537
1.06932 -0.378688
1.07066 -0.372826
1.072 -0.366951
1.07334 -0.361063
1.07468 -0.355162
1.07602 -0.349249
1.07736 -0.343324
1.0787 -0.337387
1.08004 -0.331438
1.08138 -0.325477
1.08272 -0.319504
1.08406 -0.313521
1.0854 -0.307526
1.08674 -0.301521
1.08808 -0.295505
1.08942 -0.289478
1.09076 -0.283442
1.0921 -0.277395
1.09344 -0.271338
1.09478 -0.265272
1.09612 -0.259196
1.09746 -0.253111
1.0988 -0.247017
1.10014 -0.240914
1.10148 -0.234803
1.10282 -0.228683
1.10416 -0.222555
1.1055 -0.216419
1.10684 -0.210275
1.10818 -0.204124
1.10952 -0.197965
1.11086 -0.1918
1.1122 -0.185627
1.11354 -0.179448
1.11488 -0.173262
1.11622 -0.167069
1.11756 -0.160871
1.1189 -0.154667
1.12024 -0.148457
1.12158 -0.142242
1.12292 -0.136022
1.12426 -0.129797
1.1256 -0.123566
1.12694 -0.117332
1.12828 -0.111093
1.12962 -0.10485
1.13096 -0.0986025
1.1323 -0.0923518
1.13364 -0.0860976
1.13498 -0.0798402
1.13632 -0.0735797
1.13766 -0.0673164
1.139 -0.0610506
1.14034 -0.0547824
1.14168 -0.048512
1.14302 -0.0422397
1.14436 -0.0359657
1.1457 -0.0296902
1.14704 -0.0234134
1.14838 -0.0171356
1.14972 -0.010857
1.15106 -0.0045778
1.1524 0.00170181
1.15374 0.00798158
1.15508 0.0142613
1.15642 0.0205407
1.15776 0.0268196
1.1591 0.0330978
1.16044 0.0393751
1.16178 0.0456512
1.16312 0.0519259
1.16446 0.058199
1.1658 0.0644703
1.16714 0.0707395
1.16848 0.0770065
1.16982 0.083271
1.17116 0.0895327
1.1725 0.0957916
1.17384 0.102047
1.17518 0.1083
1.17652 0.114548
1.17786 0.120793
1.1792 0.127034
1.18054 0.133271
1.18188 0.139503
1.18322 0.145731
1.18456 0.151953
1.1859 0.158171
1.18724 0.164383
1.18858 0.17059
1.18992 0.176791
1.19126 0.182986
1.1926 0.189174
1.19394 0.195357
1.19528 0.201532
1.19662 0.207701
1.19796 0.213863
1.1993 0.220018
1.20064 0.226165
1.20198 0.232304
1.20332 0.238436
1.20466 0.244559
1.206 0.250674
1.20734 0.256781
1.20868 0.262879
1.21002 0.268968
1.21136 0.275048
1.2127 0.281118
1.21404 0.287179
1.21538 0.29323
1.21672 0.299271
1.21806 0.305302
1.2194 0.311323
1.22074 0.317333
1.22208 0.323332
1.22342 0.32932
1.22476 0.335297
1.2261 0.341263
1.22744 0.347217
1.22878 0.353159
1.23012 0.35909
1.23146 0.365008
1.2328 0.370914
1.23414 0.376807
1.23548 0.382688
1.23682 0.388555
1.23816 0.39441
1.2395 0.400251
1.24084 0.406078
1.24218 0.411892
1.24352 0.417692
1.24486 0.423478
1.2462 0.429249
1.24754 0.435007
1.24888 0.440749
1.25022 0.446477
1.25156 0.452189
1.2529 0.457887
1.25424 0.463569
1.25558 0.469235
1.25692 0.474886
1.25826 0.480521
1.2596 0.48614
1.26094 0.491742
1.26228 0.497328
1.26362 0.502898
1.26496 0.50845
1.2663 0.513986
1.26764 0.519504
1.26898 0.525006
1.27032 0.530489
1.27166 0.535956
1.273 0.541404
1.27434 0.546834
1.27568 0.552246
1.27702 0.55764
1.27836 0.563016
1.2797 0.568373
1.28104 0.573711
1.28238 0.57903
1.28372 0.58433
1.28506 0.589611
1.2864 0.594872
1.28774 0.600114
1.28908 0.605336
1.29042 0.610538
1.29176 0.61572
1.2931 0.620882
1.29444 0.626024
1.29578 0.631145
1.29712 0.636245
1.29846 0.641325
1.2998 0.646384
1.30114 0.651422
1.30248 0.656438
1.30382 0.661434
1.30516 0.666407
1.3065 0.671359
1.30784 0.67629
1.30918 0.681198
1.31052 0.686085
1.31186 0.690949
1.3132 0.695791
1.31454 0.700611
1.31588 0.705408
1.31722 0.710182
1.31856 0.714934
1.3199 0.719662
1.32124 0.724368
1.32258 0.72905
1.32392 0.733709
1.32526 0.738345
1.3266 0.742957
1.32794 0.747545
1.32928 0.75211
1.33062 0.75665
1.33196 0.761167
1.3333 0.765659
1.33464 0.770127
1.33598 0.774571
1.33732 0.77899
1.33866 0.783385
1.34 0.787754
1.34134 0.792099
1.34268 0.796419
1.34402 0.800714
1.34536 0.804984
1.3467 0.809229
1.34804 0.813448
1.34938 0.817642
1.35072 0.82181
1.35206 0.825952
1.3534 0.830069
1.35474 0.83416
1.35608 0.838225
1.35742 0.842264
1.35876 0.846276
1.3601 0.850262
1.36144 0.854222
1.36278 0.858156
1.36412 0.862063
1.36546 0.865943
1.3668 0.869797
1.36814 0.873624
1.36948 0.877424
1.37082 0.881197
1.37216 0.884943
1.3735 0.888661
1.37484 0.892353
1.37618 0.896017
1.37752 0.899654
1.37886 0.903263
1.3802 0.906844
1.38154 0.910399
1.38288 0.913925
1.38422 0.917423
1.38556 0.920894
1.3869 0.924337
1.38824 0.927751
1.38958 0.931138
1.39092 0.934496
1.39226 0.937826
1.3936 0.941128
1.39494 0.944402
1.39628 0.947647
1.39762 0.950863
1.39896 0.954051
1.4003 0.95721
1.40164 0.960341
1.40298 0.963442
1.40432 0.966515
1.40566 0.969559
1.407 0.972574
1.40834 0.97556
1.40968 0.978517
1.41102 0.981445
1.41236 0.984343
1.4137 0.987213
1.41504 0.990053
1.41638 0.992863
1.41772 0.995644
1.41906 0.998396
1.4204 1.00112
1.42174 1.00381
1.42308 1.00647
1.42442 1.00911
1.42576 1.01171
1.4271 1.01428
1.42844 1.01683
1.42978 1.01934
1.43112 1.02182
1.43246 1.02428
1.4338 1.0267
1.43514 1.0291
1.43648 1.03146
1.43782 1.03379
1.43916 1.0361
1.4405 1.03837
1.44184 1.04061
1.44318 1.04282
1.44452 1.04501
1.44586 1.04716
1.4472 1.04928
1.44854 1.05137
1.44988 1.05343
1.45122 1.05546
1.45256 1.05746
1.4539 1.05943
1.45524 1.06136
1.45658 1.06327
1.45792 1.06515
1.45926 1.06699
1.4606 1.06881
1.46194 1.07059
1.46328 1.07234
1.46462 1.07407
1.46596 1.07576
1.4673 1.07742
1.46864 1.07905
1.46998 1.08064
1.47132 1.08221
1.47266 1.08375
1.474 1.08525
1.47534 1.08672
1.47668 1.08817
1.47802 1.08958
1.47936 1.09096
1.4807 1.09231
1.48204 1.09363
1.48338 1.09491
1.48472 1.09617
1.48606 1.09739
1.4874 1.09858
1.48874 1.09974
1.49008 1.10087
1.49142 1.10197
1.49276 1.10304
1.4941 1.10408
1.49544 1.10508
1.49678 1.10605
1.49812 1.10699
1.49946 1.1079
1.5008 1.10878
1.50214 1.10963
1.50348 1.11044
1.50482 1.11123
1.50616 1.11198
1.5075 1.1127
1.50884 1.11339
1.51018 1.11405
1.51152 1.11467
1.51286 1.11527
1.5142 1.11583
1.51554 1.11636
1.51688 1.11686
1.51822 1.11733
1.51956 1.11776
1.5209 1.11817
1.52224 1.11854
1.52358 1.11888
1.52492 1.11919
1.52626 1.11947
1.5276 1.11971
1.52894 1.11993
1.53028 1.12011
1.53162 1.12026
1.53296 1.12038
1.5343 1.12047
1.53564 1.12052
1.53698 1.12055
1.53832 1.12054
1.53966 1.1205
1.541 1.12043
1.54234 1.12032
1.54368 1.12019
1.54502 1.12002
1.54636 1.11983
1.5477 1.1196
1.54904 1.11933
1.55038 1.11904
1.55172 1.11872
1.55306 1.11836
1.5544 1.11797
1.55574 1.11755
1.55708 1.1171
1.55842 1.11662
1.55976 1.1161
1.5611 1.11555
1.56244 1.11498
1.56378 1.11437
1.56512 1.11373
1.56646 1.11305
1.5678 1.11235
1.56914 1.11161
1.57048 1.11084
1.57182 1.11004
1.57316 1.10921
1.5745 1.10835
1.57584 1.10746
1.57718 1.10653
1.57852 1.10557
1.57986 1.10458
1.5812 1.10356
1.58254 1.10251
1.58388 1.10143
1.58522 1.10032
1.58656 1.09917
1.5879 1.09799
1.58924 1.09678
1.59058 1.09554
1.59192 1.09427
1.59326 1.09297
1.5946 1.09164
1.59594 1.09027
1.59728 1.08887
1.59862 1.08745
1.59996 1.08599
1.6013 1.0845
1.60264 1.08298
1.60398 1.08142
1.60532 1.07984
1.60666 1.07823
1.608 1.07658
1.60934 1.0749
1.61068 1.07319
1.61202 1.07146
1.61336 1.06969
1.6147 1.06789
1.61604 1.06605
1.61738 1.06419
1.61872 1.0623
1.62006 1.06038
1.6214 1.05842
1.62274 1.05644
1.62408 1.05442
1.62542 1.05237
1.62676 1.05029
1.6281 1.04819
1.62944 1.04605
1.63078 1.04388
1.63212 1.04168
1.63346 1.03945
1.6348 1.03719
1.63614 1.0349
1.63748 1.03258
1.63882 1.03023
1.64016 1.02785
1.6415 1.02543
1.64284 1.02299
1.64418 1.02052
1.64552 1.01802
1.64686 1.01549
1.6482 1.01292
1.64954 1.01033
1.65088 1.00771
1.65222 1.00506
1.65356 1.00238
1.6549 0.999666
1.65624 0.996925
1.65758 0.994154
1.65892 0.991354
1.66026 0.988525
1.6616 0.985666
1.66294 0.982778
1.66428 0.97986
1.66562 0.976913
1.66696 0.973937
1.6683 0.970931
1.66964 0.967897
1.67098 0.964833
1.67232 0.96174
1.67366 0.958619
1.675 0.955468
1.67634 0.952289
1.67768 0.949081
1.67902 0.945845
1.68036 0.942579
1.6817 0.939286
1.68304 0.935963
1.68438 0.932612
1.68572 0.929233
1.68706 0.925826
1.6884 0.922391
1.68974 0.918927
1.69108 0.915435
1.69242 0.911915
1.69376 0.908368
1.6951 0.904792
1.69644 0.901189
1.69778 0.897558
1.69912 0.8939
1.70046 0.890214
1.7018 0.8865
1.70314 0.882759
1.70448 0.878991
1.70582 0.875196
1.70716 0.871374
1.7085 0.867524
1.70984 0.863648
1.71118 0.859745
1.71252 0.855815
1.71386 0.851858
1.7152 0.847875
1.71654 0.843865
1.71788 0.839829
1.71922 0.835767
1.72056 0.831678
1.7219 0.827563
1.72324 0.823423
1.72458 0.819256
1.72592 0.815063
1.72726 0.810845
1.7286 0.806601
1.72994 0.802332
1.73128 0.798037
1.73262 0.793717
1.73396 0.789372
1.7353 0.785002
1.73664 0.780607
1.73798 0.776186
1.73932 0.771741
1.74066 0.767272
1.742 0.762778
1.74334 0.758259
1.74468 0.753716
1.74602 0.749149
1.74736 0.744558
1.7487 0.739943
1.75004 0.735304
1.75138 0.730641
1.75272 0.725955
1.75406 0.721245
1.7554 0.716512
1.75674 0.711755
1.75808 0.706976
1.75942 0.702173
1.76076 0.697348
1.7621 0.6925
1.76344 0.687629
1.76478 0.682736
1.76612 0.67782
1.76746 0.672882
1.7688 0.667923
1.77014 0.662941
1.77148 0.657937
1.77282 0.652912
1.77416 0.647865
1.7755 0.642797
1.77684 0.637708
1.77818 0.632597
1.77952 0.627466
1.78086 0.622314
1.7822 0.617141
1.78354 0.611948
1.78488 0.606734
1.78622 0.6015
1.78756 0.596246
1.7889 0.590972
1.79024 0.585678
1.79158 0.580365
1.79292 0.575032
1.79426 0.56968
1.7956 0.564309
1.79694 0.558919
1.79828 0.55351
1.79962 0.548082
1.80096 0.542636
1.8023 0.537171
1.80364 0.531689
1.80498 0.526188
1.80632 0.520669
1.80766 0.515133
1.809 0.509579
1.81034 0.504008
1.81168 0.49842
1.81302 0.492815
1.81436 0.487193
1.8157 0.481554
1.81704 0.475899
1.81838 0.470227
1.81972 0.46454
1.82106 0.458836
1.8224 0.453117
1.82374 0.447382
1.82508 0.441632
1.82642 0.435866
1.82776 0.430086
1.8291 0.42429
1.83044 0.41848
1.83178 0.412656
1.83312 0.406817
1.83446 0.400964
1.8358 0.395097
1.83714 0.389216
1.83848 0.383322
1.83982 0.377414
1.84116 0.371494
1.8425 0.36556
1.84384 0.359613
1.84518 0.353654
1.84652 0.347683
1.84786 0.341699
1.8492 0.335704
1.85054 0.329696
1.85188 0.323677
1.85322 0.317647
1.85456 0.311605
1.8559 0.305553
1.85724 0.299489
1.85858 0.293415
1.85992 0.287331
1.86126 0.281236
1.8626 0.275132
1.86394 0.269018
1.86528 0.262894
1.86662 0.256761
1.86796 0.250618
1.8693 0.244467
1.87064 0.238307
1.87198 0.232139
1.87332 0.225962
1.87466 0.219777
1.876 0.213584
1.87734 0.207384
1.87868 0.201176
1.88002 0.19496
1.88136 0.188738
1.8827 0.182509
1.88404 0.176274
1.88538 0.170032
1.88672 0.163783
1.88806 0.157529
1.8894 0.151269
1.89074 0.145004
1.89208 0.138733
1.89342 0.132457
1.89476 0.126177
1.8961 0.119892
1.89744 0.113602
1.89878 0.107308
1.90012 0.10101
1.90146 0.0947082
1.9028 0.0884029
1.90414 0.0820943
1.90548 0.0757826
1.90682 0.0694681
1.90816 0.0631508
1.9095 0.0568311
1.91084 0.0505092
1.91218 0.0441853
1.91352 0.0378597
1.91486 0.0315324
1.9162 0.0252039
1.91754 0.0188742
1.91888 0.0125436
1.92022 0.00621239
1.92156 -0.000119277
1.9229 -0.00645116
1.92424 -0.012783
1.92558 -0.0191147
1.92692 -0.0254459
1.92826 -0.0317764
1.9296 -0.0381061
1.93094 -0.0444346
1.93228 -0.0507618
1.93362 -0.0570874
1.93496 -0.0634112
1.9363 -0.0697331
1.93764 -0.0760526
1.93898 -0.0823698
1.94032 -0.0886843
1.94166 -0.0949958
1.943 -0.101304
1.94434 -0.107609
1.94568 -0.113911
1.94702 -0.120209
1.94836 -0.126502
1.9497 -0.132792
1.95104 -0.139077
1.95238 -0.145358
1.95372 -0.151633
1.95506 -0.157904
1.9564 -0.164169
1.95774 -0.170428
1.95908 -0.176682
1.96042 -0.18293
1.96176 -0.189172
1.9631 -0.195407
1.96444 -0.201636
1.96578 -0.207858
1.96712 -0.214073
1.96846 -0.22028
1.9698 -0.22648
1.97114 -0.232673
1.97248 -0.238857
1.97382 -0.245034
1.97516 -0.251202
1.9765 -0.257361
1.97784 -0.263512
1.97918 -0.269654
1.98052 -0.275786
1.98186 -0.28191
1.9832 -0.288023
1.98454 -0.294127
1.98588 -0.300221
1.98722 -0.306305
1.98856 -0.312378
1.9899 -0.318441
1.99124 -0.324493
1.99258 -0.330533
1.99392 -0.336563
1.99526 -0.342581
1.9966 -0.348588
1.99794 -0.354583
1.99928 -0.360565
2.00062 -0.366536
2.00196 -0.372494
2.0033 -0.378439
2.00464 -0.384372
2.00598 -0.390292
2.00732 -0.396198
2.00866 -0.402091
2.01 -0.407971
2.01134 -0.413836
2.01268 -0.419688
2.01402 -0.425526
2.01536 -0.431349
2.0167 -0.437158
2.01804 -0.442952
2.01938 -0.448731
2.02072 -0.454495
2.02206 -0.460244
2.0234 -0.465977
2.02474 -0.471695
2.02608 -0.477397
2.02742 -0.483083
2.02876 -0.488752
2.0301 -0.494406
2.03144 -0.500043
2.03278 -0.505663
2.03412 -0.511266
2.03546 -0.516852
2.0368 -0.522421
2.03814 -0.527973
2.03948 -0.533507
2.04082 -0.539023
2.04216 -0.544522
2.0435 -0.550002
2.04484 -0.555464
2.04618 -0.560908
2.04752 -0.566333
2.04886 -0.57174
2.0502 -0.577127
2.05154 -0.582496
2.05288 -0.587845
2.05422 -0.593175
2.05556 -0.598485
2.0569 -0.603776
2.05824 -0.609047
2.05958 -0.614298
2.06092 -0.619529
2.06226 -0.62474
2.0636 -0.62993
2.06494 -0.635099
2.06628 -0.640248
2.06762 -0.645376
2.06896 -0.650483
2.0703 -0.655569
2.07164 -0.660633
2.07298 -0.665676
2.07432 -0.670697
2.07566 -0.675697
2.077 -0.680675
2.07834 -0.685631
2.07968 -0.690564
2.08102 -0.695475
2.08236 -0.700364
2.0837 -0.705231
2.08504 -0.710074
2.08638 -0.714895
2.08772 -0.719693
2.08906 -0.724468
2.0904 -0.72922
2.09174 -0.733948
2.09308 -0.738653
2.09442 -0.743334
2.09576 -0.747992
2.0971 -0.752625
2.09844 -0.757235
2.09978 -0.761821
2.10112 -0.766383
2.10246 -0.77092
2.1038 -0.775433
2.10514 -0.779921
2.10648 -0.784385
2.10782 -0.788824
2.10916 -0.793238
2.1105 -0.797627
2.11184 -0.801991
2.11318 -0.80633
2.11452 -0.810644
2.11586 -0.814932
2.1172 -0.819195
2.11854 -0.823432
2.11988 -0.827643
2.12122 -0.831828
2.12256 -0.835988
2.1239 -0.840122
2.12524 -0.844229
2.12658 -0.84831
2.12792 -0.852365
2.12926 -0.856394
2.1306 -0.860396
2.13194 -0.864371
2.13328 -0.86832
2.13462 -0.872242
2.13596 -0.876137
2.1373 -0.880005
2.13864 -0.883847
2.13998 -0.887661
2.14132 -0.891447
2.14266 -0.895207
2.144 -0.898939
2.14534 -0.902644
2.14668 -0.906321
2.14802 -0.90997
2.14936 -0.913592
2.1507 -0.917186
2.15204 -0.920752
2.15338 -0.92429
2.15472 -0.9278
2.15606 -0.931282
2.1574 -0.934736
2.15874 -0.938161
2.16008 -0.941559
2.16142 -0.944928
2.16276 -0.948268
2.1641 -0.95158
2.16544 -0.954863
2.16678 -0.958118
2.16812 -0.961344
2.16946 -0.964541
2.1708 -0.967709
2.17214 -0.970848
2.17348 -0.973958
2.17482 -0.97704
2.17616 -0.980092
2.1775 -0.983115
2.17884 -0.986108
2.18018 -0.989073
2.18152 -0.992008
2.18286 -0.994913
2.1842 -0.997789
2.18554 -1.00064
2.18688 -1.00345
2.18822 -1.00624
2.18956 -1.009
2.1909 -1.01173
2.19224 -1.01442
2.19358 -1.01709
2.19492 -1.01973
2.19626 -1.02234
2.1976 -1.02492
2.19894 -1.02747
2.20028 -1.02998
2.20162 -1.03247
2.20296 -1.03493
2.2043 -1.03736
2.20564 -1.03976
2.20698 -1.04212
2.20832 -1.04446
2.20966 -1.04677
2.211 -1.04904
2.21234 -1.05129
2.21368 -1.0535
2.21502 -1.05569
2.21636 -1.05784
2.2177 -1.05996
2.21904 -1.06206
2.22038 -1.06412
2.22172 -1.06615
2.22306 -1.06815
2.2244 -1.07012
2.22574 -1.07206
2.22708 -1.07396
2.22842 -1.07584
2.22976 -1.07769
2.2311 -1.0795
2.23244 -1.08128
2.23378 -1.08304
2.23512 -1.08476
2.23646 -1.08645
2.2378 -1.08811
2.23914 -1.08974
2.24048 -1.09133
2.24182 -1.0929
2.24316 -1.09443
2.2445 -1.09594
2.24584 -1.09741
2.24718 -1.09885
2.24852 -1.10026
2.24986 -1.10164
2.2512 -1.10298
2.25254 -1.1043
2.25388 -1.10558
2.25522 -1.10683
2.25656 -1.10805
2.2579 -1.10924
2.25924 -1.1104
2.26058 -1.11153
2.26192 -1.11262
2.26326 -1.11368
2.2646 -1.11471
2.26594 -1.11571
2.26728 -1.11668
2.26862 -1.11762
2.26996 -1.11852
2.2713 -1.1194
2.27264 -1.12024
2.27398 -1.12105
2.27532 -1.12183
2.27666 -1.12257
2.278 -1.12329
2.27934 -1.12397
2.28068 -1.12462
2.28202 -1.12524
2.28336 -1.12583
2.2847 -1.12638
2.28604 -1.12691
2.28738 -1.1274
2.28872 -1.12786
2.29006 -1.12829
2.2914 -1.12869
2.29274 -1.12905
2.29408 -1.12938
2.29542 -1.12968
2.29676 -1.12995
2.2981 -1.13019
2.29944 -1.1304
2.30078 -1.13057
2.30212 -1.13071
2.30346 -1.13082
2.3048 -1.1309
2.30614 -1.13095
2.30748 -1.13096
2.30882 -1.13094
2.31016 -1.1309
2.3115 -1.13081
2.31284 -1.1307
2.31418 -1.13056
2.31552 -1.13038
2.31686 -1.13017
2.3182 -1.12993
2.31954 -1.12966
2.32088 -1.12935
2.32222 -1.12902
2.32356 -1.12865
2.3249 -1.12825
2.32624 -1.12782
2.32758 -1.12735
2.32892 -1.12686
2.33026 -1.12633
2.3316 -1.12577
2.33294 -1.12518
2.33428 -1.12456
2.33562 -1.12391
2.33696 -1.12322
2.3383 -1.1225
2.33964 -1.12175
2.34098 -1.12097
2.34232 -1.12016
2.34366 -1.11931
2.345 -1.11844
2.34634 -1.11753
2.34768 -1.11659
2.34902 -1.11562
2.35036 -1.11461
2.3517 -1.11358
2.35304 -1.11251
2.35438 -1.11141
2.35572 -1.11028
2.35706 -1.10912
2.3584 -1.10793
2.35974 -1.10671
2.36108 -1.10545
2.36242 -1.10416
2.36376 -1.10284
2.3651 -1.10149
2.36644 -1.10011
2.36778 -1.0987
2.36912 -1.09725
2.37046 -1.09578
2.3718 -1.09427
2.37314 -1.09273
2.37448 -1.09116
2.37582 -1.08956
2.37716 -1.08793
2.3785 -1.08626
2.37984 -1.08457
2.38118 -1.08284
2.38252 -1.08109
2.38386 -1.0793
2.3852 -1.07748
2.38654 -1.07563
2.38788 -1.07375
2.38922 -1.07184
2.39056 -1.06989
2.3919 -1.06792
2.39324 -1.06591
2.39458 -1.06388
2.39592 -1.06181
2.39726 -1.05971
2.3986 -1.05758
2.39994 -1.05543
2.40128 -1.05324
2.40262 -1.05102
2.40396 -1.04876
2.4053 -1.04648
2.40664 -1.04417
2.40798 -1.04183
2.40932 -1.03946
2.41066 -1.03705
2.412 -1.03462
2.41334 -1.03215
2.41468 -1.02966
2.41602 -1.02714
2.41736 -1.02458
2.4187 -1.022
2.42004 -1.01938
2.42138 -1.01674
2.42272 -1.01406
2.42406 -1.01136
2.4254 -1.00862
2.42674 -1.00586
2.42808 -1.00306
2.42942 -1.00024
2.43076 -0.997384
2.4321 -0.9945
2.43344 -0.991587
2.43478 -0.988644
2.43612 -0.985672
2.43746 -0.982671
2.4388 -0.97964
2.44014 -0.97658
2.44148 -0.973491
2.44282 -0.970372
2.44416 -0.967224
2.4455 -0.964048
2.44684 -0.960842
2.44818 -0.957607
2.44952 -0.954344
2.45086 -0.951052
2.4522 -0.947731
2.45354 -0.944381
2.45488 -0.941003
2.45622 -0.937596
2.45756 -0.934161
2.4589 -0.930697
2.46024 -0.927206
2.46158 -0.923685
2.46292 -0.920137
2.46426 -0.916561
2.4656 -0.912956
2.46694 -0.909324
2.46828 -0.905664
2.46962 -0.901976
2.47096 -0.89826
2.4723 -0.894517
2.47364 -0.890746
2.47498 -0.886948
2.47632 -0.883123
2.47766 -0.87927
2.479 -0.87539
2.48034 -0.871482
2.48168 -0.867548
2.48302 -0.863587
2.48436 -0.859599
2.4857 -0.855584
2.48704 -0.851543
2.48838 -0.847475
2.48972 -0.84338
2.49106 -0.839259
2.4924 -0.835112
2.49374 -0.830939
2.49508 -0.826739
2.49642 -0.822514
2.49776 -0.818262
2.4991 -0.813985
2.50044 -0.809682
2.50178 -0.805354
2.50312 -0.801
2.50446 -0.796621
2.5058 -0.792216
2.50714 -0.787786
2.50848 -0.783332
2.50982 -0.778852
2.51116 -0.774347
2.5125 -0.769818
2.51384 -0.765264
2.51518 -0.760686
2.51652 -0.756083
2.51786 -0.751456
2.5192 -0.746805
2.52054 -0.742129
2.52188 -0.73743
2.52322 -0.732707
2.52456 -0.727961
2.5259 -0.723191
2.52724 -0.718397
2.52858 -0.71358
2.52992 -0.70874
2.53126 -0.703877
2.5326 -0.698991
2.53394 -0.694083
2.53528 -0.689151
2.53662 -0.684197
2.53796 -0.679221
2.5393 -0.674223
2.54064 -0.669202
2.54198 -0.664159
2.54332 -0.659095
2.54466 -0.654009
2.546 -0.648901
2.54734 -0.643772
2.54868 -0.638622
2.55002 -0.63345
2.55136 -0.628258
2.5527 -0.623044
2.55404 -0.61781
2.55538 -0.612556
2.55672 -0.607281
2.55806 -0.601986
2.5594 -0.596671
2.56074 -0.591336
2.56208 -0.585981
2.56342 -0.580606
2.56476 -0.575212
2.5661 -0.569799
2.56744 -0.564366
2.56878 -0.558915
2.57012 -0.553445
2.57146 -0.547956
2.5728 -0.542448
2.57414 -0.536923
2.57548 -0.531379
2.57682 -0.525817
2.57816 -0.520237
2.5795 -0.51464
2.58084 -0.509025
2.58218 -0.503393
2.58352 -0.497743
2.58486 -0.492077
2.5862 -0.486394
2.58754 -0.480694
2.58888 -0.474978
2.59022 -0.469245
2.59156 -0.463497
2.5929 -0.457732
2.59424 -0.451952
2.59558 -0.446156
2.59692 -0.440345
2.59826 -0.434518
2.5996 -0.428677
2.60094 -0.422821
2.60228 -0.41695
2.60362 -0.411065
2.60496 -0.405165
2.6063 -0.399252
2.60764 -0.393324
2.60898 -0.387383
2.61032 -0.381429
2.61166 -0.375461
2.613 -0.36948
2.61434 -0.363486
2.61568 -0.357479
2.61702 -0.35146
2.61836 -0.345429
2.6197 -0.339385
2.62104 -0.33333
2.62238 -0.327262
2.62372 -0.321184
2.62506 -0.315094
2.6264 -0.308993
2.62774 -0.30288
2.62908 -0.296758
2.63042 -0.290625
2.63176 -0.284481
2.6331 -0.278327
2.63444 -0.272164
2.63578 -0.265991
2.63712 -0.259808
2.63846 -0.253616
2.6398 -0.247415
2.64114 -0.241206
2.64248 -0.234987
2.64382 -0.22876
2.64516 -0.222526
2.6465 -0.216283
2.64784 -0.210032
2.64918 -0.203774
2.65052 -0.197508
2.65186 -0.191235
2.6532 -0.184956
2.65454 -0.178669
2.65588 -0.172377
2.65722 -0.166078
2.65856 -0.159772
2.6599 -0.153462
2.66124 -0.147145
2.66258 -0.140823
2.66392 -0.134496
2.66526 -0.128164
2.6666 -0.121827
2.66794 -0.115486
2.66928 -0.109141
2.67062 -0.102791
2.67196 -0.0964379
2.6733 -0.090081
2.67464 -0.0837206
2.67598 -0.0773571
2.67732 -0.0709906
2.67866 -0.0646214
2.68 -0.0582498
2.68134 -0.0518758
2.68268 -0.0454998
2.68402 -0.039122
2.68536 -0.0327425
2.6867 -0.0263617
2.68804 -0.0199798
2.68938 -0.0135969
2.69072 -0.00721331
2.69206 -0.000829244
2.6934 0.00555508
2.69474 0.0119394
2.69608 0.0183236
2.69742 0.0247073
2.69876 0.0310904
2.7001 0.0374726
2.70144 0.0438538
2.70278 0.0502336
2.70412 0.0566118
2.70546 0.0629883
2.7068 0.0693628
2.70814 0.0757351
2.70948 0.082105
2.71082 0.0884722
2.71216 0.0948365
2.7135 0.101198
2.71484 0.107556
2.71618 0.11391
2.71752 0.12026
2.71886 0.126607
2.7202 0.132949
2.72154 0.139287
2.72288 0.14562
2.72422 0.151949
2.72556 0.158272
2.7269 0.16459
2.72824 0.170902
2.72958 0.177209
2.73092 0.183509
2.73226 0.189803
2.7336 0.196091
2.73494 0.202373
2.73628 0.208647
2.73762 0.214915
2.73896 0.221175
2.7403 0.227427
2.74164 0.233672
2.74298 0.239909
2.74432 0.246138
2.74566 0.252358
2.747 0.25857
2.74834 0.264773
2.74968 0.270967
2.75102 0.277152
2.75236 0.283327
2.7537 0.289493
2.75504 0.295649
2.75638 0.301795
2.75772 0.307931
2.75906 0.314056
2.7604 0.320171
2.76174 0.326274
2.76308 0.332367
2.76442 0.338448
2.76576 0.344518
2.7671 0.350576
2.76844 0.356622
2.76978 0.362656
2.77112 0.368678
2.77246 0.374688
2.7738 0.380684
2.77514 0.386668
2.77648 0.392639
2.77782 0.398596
2.77916 0.40454
2.7805 0.410471
2.78184 0.416387
2.78318 0.42229
2.78452 0.428178
2.78586 0.434052
2.7872 0.439911
2.78854 0.445755
2.78988 0.451585
2.79122 0.457399
2.79256 0.463198
2.7939 0.468981
2.79524 0.474749
2.79658 0.4805
2.79792 0.486236
2.79926 0.491955
2.8006 0.497658
2.80194 0.503345
2.80328 0.509014
2.80462 0.514667
2.80596 0.520302
2.8073 0.52592
2.80864 0.53152
2.80998 0.537103
2.81132 0.542668
2.81266 0.548215
2.814 0.553744
2.81534 0.559255
2.81668 0.564747
2.81802 0.57022
2.81936 0.575675
2.8207 0.58111
2.82204 0.586526
2.82338 0.591923
2.82472 0.597301
2.82606 0.602659
2.8274 0.607997
2.82874 0.613315
2.83008 0.618613
2.83142 0.623891
2.83276 0.629148
2.8341 0.634385
2.83544 0.639601
2.83678 0.644796
2.83812 0.649971
2.83946 0.655124
2.8408 0.660256
2.84214 0.665366
2.84348 0.670455
2.84482 0.675522
2.84616 0.680567
2.8475 0.68559
2.84884 0.690591
2.85018 0.69557
2.85152 0.700526
2.85286 0.70546
2.8542 0.710371
2.85554 0.715259
2.85688 0.720125
2.85822 0.724967
2.85956 0.729786
2.8609 0.734581
2.86224 0.739354
2.86358 0.744102
2.86492 0.748827
2.86626 0.753528
2.8676 0.758205
2.86894 0.762858
2.87028 0.767487
2.87162 0.772092
2.87296 0.776672
2.8743 0.781227
2.87564 0.785758
2.87698 0.790264
2.87832 0.794745
2.87966 0.799202
2.881 0.803633
2.88234 0.808038
2.88368 0.812419
2.88502 0.816774
2.88636 0.821103
2.8877 0.825407
2.88904 0.829685
2.89038 0.833937
2.89172 0.838164
2.89306 0.842364
2.8944 0.846538
2.89574 0.850686
2.89708 0.854807
2.89842 0.858902
2.89976 0.86297
2.9011 0.867012
2.90244 0.871027
2.90378 0.875015
2.90512 0.878976
2.90646 0.88291
2.9078 0.886817
2.90914 0.890697
2.91048 0.89455
2.91182 0.898375
2.91316 0.902173
2.9145 0.905943
2.91584 0.909686
2.91718 0.913401
2.91852 0.917088
2.91986 0.920747
2.9212 0.924378
2.92254 0.927981
2.92388 0.931557
2.92522 0.935104
2.92656 0.938622
2.9279 0.942113
2.92924 0.945575
2.93058 0.949008
2.93192 0.952413
2.93326 0.95579
2.9346 0.959137
2.93594 0.962456
2.93728 0.965747
2.93862 0.969008
2.93996 0.97224
2.9413 0.975443
2.94264 0.978617
2.94398 0.981762
2.94532 0.984878
2.94666 0.987965
2.948 0.991022
2.94934 0.99405
2.95068 0.997048
2.95202 1.00002
2.95336 1.00296
2.9547 1.00587
2.95604 1.00875
2.95738 1.0116
2.95872 1.01442
2.96006 1.01721
2.9614 1.01997
2.96274 1.0227
2.96408 1.0254
2.96542 1.02807
2.96676 1.03071
2.9681 1.03332
2.96944 1.0359
2.97078 1.03845
2.97212 1.04097
2.97346 1.04346
2.9748 1.04592
2.97614 1.04835
2.97748 1.05075
2.97882 1.05311
2.98016 1.05545
2.9815 1.05776
2.98284 1.06003
2.98418 1.06228
2.98552 1.06449
2.98686 1.06667
2.9882 1.06883
2.98954 1.07095
2.99088 1.07304
2.99222 1.0751
2.99356 1.07713
2.9949 1.07913
2.99624 1.0811
2.99758 1.08303
2.99892 1.08494
3.00026 1.08681
3.0016 1.08865
3.00294 1.09047
3.00428 1.09225
3.00562 1.09399
3.00696 1.09571
3.0083 1.0974
3.00964 1.09905
3.01098 1.10068
3.01232 1.10227
3.01366 1.10383
3.015 1.10536
3.01634 1.10686
3.01768 1.10833
3.01902 1.10976
3.02036 1.11117
3.0217 1.11254
3.02304 1.11388
3.02438 1.11519
3.02572 1.11647
3.02706 1.11771
3.0284 1.11893
3.02974 1.12011
3.03108 1.12126
3.03242 1.12238
3.03376 1.12347
3.0351 1.12452
3.03644 1.12555
3.03778 1.12654
3.03912 1.1275
3.04046 1.12843
3.0418 1.12932
3.04314 1.13019
3.04448 1.13102
3.04582 1.13182
3.04716 1.13259
3.0485 1.13333
3.04984 1.13404
3.05118 1.13471
3.05252 1.13535
3.05386 1.13596
3.0552 1.13654
3.05654 1.13708
3.05788 1.1376
3.05922 1.13808
3.06056 1.13853
3.0619 1.13895
3.06324 1.13933
3.06458 1.13969
3.06592 1.14001
3.06726 1.1403
3.0686 1.14056
3.06994 1.14078
3.07128 1.14098
3.07262 1.14114
3.07396 1.14127
3.0753 1.14137
3.07664 1.14143
3.07798 1.14147
3.07932 1.14147
3.08066 1.14144
3.082 1.14138
3.08334 1.14128
3.08468 1.14116
3.08602 1.141
3.08736 1.14081
3.0887 1.14059
3.09004 1.14033
3.09138 1.14005
3.09272 1.13973
3.09406 1.13938
3.0954 1.13899
3.09674 1.13858
3.09808 1.13813
3.09942 1.13765
3.10076 1.13714
3.1021 1.1366
3.10344 1.13603
3.10478 1.13542
3.10612 1.13478
3.10746 1.13411
3.1088 1.13341
3.11014 1.13268
3.11148 1.13191
3.11282 1.13111
3.11416 1.13028
3.1155 1.12942
3.11684 1.12853
3.11818 1.1276
3.11952 1.12665
3.12086 1.12566
3.1222 1.12464
3.12354 1.12358
3.12488 1.1225
3.12622 1.12138
3.12756 1.12023
3.1289 1.11905
3.13024 1.11784
3.13158 1.1166
3.13292 1.11533
3.13426 1.11402
3.1356 1.11268
3.13694 1.11131
3.13828 1.10991
3.13962 1.10848
3.14096 1.10701
3.1423 1.10552
3.14364 1.10399
3.14498 1.10243
3.14632 1.10084
3.14766 1.09922
3.149 1.09757
3.15034 1.09588
3.15168 1.09417
3.15302 1.09242
3.15436 1.09064
3.1557 1.08883
3.15704 1.08699
3.15838 1.08512
3.15972 1.08321
3.16106 1.08128
3.1624 1.07931
3.16374 1.07732
3.16508 1.07529
3.16642 1.07323
3.16776 1.07114
3.1691 1.06902
3.17044 1.06687
3.17178 1.06469
3.17312 1.06247
3.17446 1.06023
3.1758 1.05796
3.17714 1.05565
3.17848 1.05331
3.17982 1.05095
3.18116 1.04855
3.1825 1.04612
3.18384 1.04366
3.18518 1.04117
3.18652 1.03865
3.18786 1.0361
3.1892 1.03352
3.19054 1.03091
3.19188 1.02827
3.19322 1.0256
3.19456 1.0229
3.1959 1.02017
3.19724 1.01741
3.19858 1.01462
3.19992 1.0118
3.20126 1.00894
3.2026 1.00606
3.20394 1.00315
3.20528 1.00021
3.20662 0.997241
3.20796 0.994241
3.2093 0.991212
3.21064 0.988153
3.21198 0.985064
3.21332 0.981947
3.21466 0.978799
3.216 0.975623
3.21734 0.972417
3.21868 0.969182
3.22002 0.965919
3.22136 0.962626
3.2227 0.959304
3.22404 0.955953
3.22538 0.952573
3.22672 0.949165
3.22806 0.945728
3.2294 0.942262
3.23074 0.938768
3.23208 0.935245
3.23342 0.931694
3.23476 0.928115
3.2361 0.924507
3.23744 0.920871
3.23878 0.917207
3.24012 0.913515
3.24146 0.909795
3.2428 0.906047
3.24414 0.902272
3.24548 0.898469
3.24682 0.894638
3.24816 0.890779
3.2495 0.886893
3.25084 0.88298
3.25218 0.879039
3.25352 0.875072
3.25486 0.871077
3.2562 0.867055
3.25754 0.863006
3.25888 0.85893
3.26022 0.854828
3.26156 0.850699
3.2629 0.846543
3.26424 0.842361
3.26558 0.838153
3.26692 0.833918
3.26826 0.829657
3.2696 0.82537
3.27094 0.821057
3.27228 0.816718
3.27362 0.812354
3.27496 0.807964
3.2763 0.803548
3.27764 0.799107
3.27898 0.79464
3.28032 0.790148
3.28166 0.785632
3.283 0.78109
3.28434 0.776523
3.28568 0.771931
3.28702 0.767315
3.28836 0.762674
3.2897 0.758009
3.29104 0.75332
3.29238 0.748606
3.29372 0.743868
3.29506 0.739106
3.2964 0.734321
3.29774 0.729512
3.29908 0.724679
3.30042 0.719822
3.30176 0.714943
3.3031 0.71004
3.30444 0.705114
3.30578 0.700165
3.30712 0.695193
3.30846 0.690199
3.3098 0.685182
3.31114 0.680143
3.31248 0.675081
3.31382 0.669998
3.31516 0.664892
3.3165 0.659764
3.31784 0.654615
3.31918 0.649444
3.32052 0.644252
3.32186 0.639038
3.3232 0.633804
3.32454 0.628548
3.32588 0.623271
3.32722 0.617974
3.32856 0.612656
3.3299 0.607318
3.33124 0.60196
3.33258 0.596581
3.33392 0.591183
3.33526 0.585765
3.3366 0.580327
3.33794 0.57487
3.33928 0.569393
3.34062 0.563897
3.34196 0.558383
3.3433 0.552849
3.34464 0.547297
3.34598 0.541727
3.34732 0.536138
3.34866 0.530531
3.35 0.524906
3.35134 0.519263
3.35268 0.513602
3.35402 0.507924
3.35536 0.502229
3.3567 0.496517
3.35804 0.490788
3.35938 0.485042
3.36072 0.479279
3.36206 0.4735
3.3634 0.467705
3.36474 0.461893
3.36608 0.456066
3.36742 0.450223
3.36876 0.444365
3.3701 0.438491
3.37144 0.432602
3.37278 0.426699
3.37412 0.42078
3.37546 0.414847
3.3768 0.408899
3.37814 0.402938
3.37948 0.396962
3.38082 0.390973
3.38216 0.38497
3.3835 0.378953
3.38484 0.372924
3.38618 0.366881
3.38752 0.360825
3.38886 0.354757
3.3902 0.348677
3.39154 0.342584
3.39288 0.336479
3.39422 0.330363
3.39556 0.324234
3.3969 0.318095
3.39824 0.311944
3.39958 0.305782
3.40092 0.299609
3.40226 0.293426
3.4036 0.287232
3.40494 0.281028
3.40628 0.274815
3.40762 0.268591
3.40896 0.262358
3.4103 0.256115
3.41164 0.249864
3.41298 0.243603
3.41432 0.237334
3.41566 0.231056
3.417 0.22477
3.41834 0.218476
3.41968 0.212174
3.42102 0.205865
3.42236 0.199548
3.4237 0.193224
3.42504 0.186893
3.42638 0.180555
3.42772 0.174211
3.42906 0.16786
3.4304 0.161503
3.43174 0.15514
3.43308 0.148772
3.43442 0.142398
3.43576 0.136019
3.4371 0.129635
3.43844 0.123247
3.43978 0.116853
3.44112 0.110456
3.44246 0.104054
3.4438 0.0976483
3.44514 0.091239
3.44648 0.0848263
3.44782 0.0784104
3.44916 0.0719915
3.4505 0.0655698
3.45184 0.0591456
3.45318 0.0527191
3.45452 0.0462905
3.45586 0.0398601
3.4572 0.0334281
3.45854 0.0269946
3.45988 0.02056
3.46122 0.0141244
3.46256 0.00768808
3.4639 0.00125128
3.46524 -0.0051858
3.46658 -0.0116229
3.46792 -0.0180599
3.46926 -0.0244964
3.4706 -0.0309323
3.47194 -0.0373673
3.47328 -0.0438012
3.47462 -0.0502339
3.47596 -0.056665
3.4773 -0.0630943
3.47864 -0.0695216
3.47998 -0.0759467
3.48132 -0.0823694
3.48266 -0.0887894
3.484 -0.0952065
3.48534 -0.10162
3.48668 -0.108031
3.48802 -0.114438
3.48936 -0.120841
3.4907 -0.127241
3.49204 -0.133636
3.49338 -0.140026
3.49472 -0.146412
3.49606 -0.152793
3.4974 -0.159169
3.49874 -0.165539
3.50008 -0.171904
3.50142 -0.178263
3.50276 -0.184616
3.5041 -0.190963
3.50544 -0.197303
3.50678 -0.203637
3.50812 -0.209964
3.50946 -0.216283
3.5108 -0.222596
3.51214 -0.228901
3.51348 -0.235198
3.51482 -0.241487
3.51616 -0.247767
3.5175 -0.25404
3.51884 -0.260303
3.52018 -0.266558
3.52152 -0.272804
3.52286 -0.279041
3.5242 -0.285268
3.52554 -0.291485
3.52688 -0.297693
3.52822 -0.30389
3.52956 -0.310077
3.5309 -0.316254
3.53224 -0.32242
3.53358 -0.328575
3.53492 -0.334718
3.53626 -0.340851
3.5376 -0.346971
3.53894 -0.35308
3.54028 -0.359177
3.54162 -0.365262
3.54296 -0.371335
3.5443 -0.377395
3.54564 -0.383442
3.54698 -0.389476
3.54832 -0.395497
3.54966 -0.401505
3.551 -0.407499
3.55234 -0.413479
3.55368 -0.419446
3.55502 -0.425398
3.55636 -0.431336
3.5577 -0.437259
3.55904 -0.443168
3.56038 -0.449062
3.56172 -0.454941
3.56306 -0.460804
3.5644 -0.466652
3.56574 -0.472484
3.56708 -0.478301
3.56842 -0.484101
3.56976 -0.489886
3.5711 -0.495653
3.57244 -0.501405
3.57378 -0.507139
3.57512 -0.512857
3.57646 -0.518558
3.5778 -0.524241
3.57914 -0.529907
3.58048 -0.535555
3.58182 -0.541186
3.58316 -0.546798
3.5845 -0.552392
3.58584 -0.557969
3.58718 -0.563526
3.58852 -0.569065
3.58986 -0.574585
3.5912 -0.580087
3.59254 -0.585569
3.59388 -0.591031
3.59522 -0.596475
3.59656 -0.601899
3.5979 -0.607303
3.59924 -0.612687
3.60058 -0.618051
3.60192 -0.623394
3.60326 -0.628718
3.6046 -0.63402
3.60594 -0.639302
3.60728 -0.644564
3.60862 -0.649804
3.60996 -0.655023
3.6113 -0.660221
3.61264 -0.665397
3.61398 -0.670552
3.61532 -0.675685
3.61666 -0.680796
3.618 -0.685885
3.61934 -0.690952
3.62068 -0.695997
3.62202 -0.701019
3.62336 -0.706019
3.6247 -0.710996
3.62604 -0.71595
3.62738 -0.720882
3.62872 -0.72579
3.63006 -0.730675
3.6314 -0.735536
3.63274 -0.740374
3.63408 -0.745189
3.63542 -0.749979
3.63676 -0.754746
3.6381 -0.759489
3.63944 -0.764208
3.64078 -0.768902
3.64212 -0.773572
3.64346 -0.778218
3.6448 -0.782839
3.64614 -0.787436
3.64748 -0.792007
3.64882 -0.796554
3.65016 -0.801075
3.6515 -0.805572
3.65284 -0.810043
3.65418 -0.814488
3.65552 -0.818909
3.65686 -0.823303
3.6582 -0.827672
3.65954 -0.832015
3.66088 -0.836333
3.66222 -0.840624
3.66356 -0.844889
3.6649 -0.849128
3.66624 -0.85334
3.66758 -0.857526
3.66892 -0.861686
3.67026 -0.865819
3.6716 -0.869925
3.67294 -0.874004
3.67428 -0.878057
3.67562 -0.882082
3.67696 -0.886081
3.6783 -0.890052
3.67964 -0.893996
3.68098 -0.897913
3.68232 -0.901802
3.68366 -0.905663
3.685 -0.909497
3.68634 -0.913304
3.68768 -0.917082
3.68902 -0.920833
3.69036 -0.924556
3.6917 -0.92825
3.69304 -0.931917
3.69438 -0.935556
3.69572 -0.939166
3.69706 -0.942748
3.6984 -0.946301
3.69974 -0.949826
3.70108 -0.953322
3.70242 -0.95679
3.70376 -0.960229
3.7051 -0.963639
3.70644 -0.967021
3.70778 -0.970373
3.70912 -0.973697
3.71046 -0.976991
3.7118 -0.980257
3.71314 -0.983493
3.71448 -0.9867
3.71582 -0.989878
3.71716 -0.993026
3.7185 -0.996145
3.71984 -0.999234
3.72118 -1.00229
3.72252 -1.00532
3.72386 -1.00832
3.7252 -1.0113
3.72654 -1.01424
3.72788 -1.01715
3.72922 -1.02003
3.73056 -1.02288
3.7319 -1.0257
3.73324 -1.02849
3.73458 -1.03125
3.73592 -1.03398
3.73726 -1.03669
3.7386 -1.03936
3.73994 -1.042
3.74128 -1.04461
3.74262 -1.04719
3.74396 -1.04973
3.7453 -1.05225
3.74664 -1.05474
3.74798 -1.0572
3.74932 -1.05962
3.75066 -1.06202
3.752 -1.06439
3.75334 -1.06672
3.75468 -1.06902
3.75602 -1.0713
3.75736 -1.07354
3.7587 -1.07575
3.76004 -1.07793
3.76138 -1.08008
3.76272 -1.0822
3.76406 -1.08429
3.7654 -1.08634
3.76674 -1.08837
3.76808 -1.09036
3.76942 -1.09232
3.77076 -1.09425
3.7721 -1.09615
3.77344 -1.09802
3.77478 -1.09986
3.77612 -1.10167
3.77746 -1.10344
3.7788 -1.10518
3.78014 -1.1069
3.78148 -1.10858
3.78282 -1.11023
3.78416 -1.11184
3.7855 -1.11343
3.78684 -1.11498
3.78818 -1.1165
3.78952 -1.118
3.79086 -1.11946
3.7922 -1.12088
3.79354 -1.12228
3.79488 -1.12364
3.79622 -1.12498
3.79756 -1.12628
3.7989 -1.12755
3.80024 -1.12878
3.80158 -1.12999
3.80292 -1.13116
3.80426 -1.1323
3.8056 -1.13341
3.80694 -1.13449
3.80828 -1.13554
3.80962 -1.13655
3.81096 -1.13753
3.8123 -1.13848
3.81364 -1.1394
3.81498 -1.14029
3.81632 -1.14114
3.81766 -1.14196
3.819 -1.14275
3.82034 -1.14351
3.82168 -1.14424
3.82302 -1.14493
3.82436 -1.14559
3.8257 -1.14622
3.82704 -1.14682
3.82838 -1.14739
3.82972 -1.14792
3.83106 -1.14842
3.8324 -1.14889
3.83374 -1.14933
3.83508 -1.14973
3.83642 -1.1501
3.83776 -1.15045
3.8391 -1.15075
3.84044 -1.15103
3.84178 -1.15127
3.84312 -1.15149
3.84446 -1.15167
3.8458 -1.15181
3.84714 -1.15193
3.84848 -1.15201
3.84982 -1.15206
3.85116 -1.15208
3.8525 -1.15207
3.85384 -1.15202
3.85518 -1.15195
3.85652 -1.15184
3.85786 -1.15169
3.8592 -1.15152
3.86054 -1.15131
3.86188 -1.15107
3.86322 -1.1508
3.86456 -1.1505
3.8659 -1.15017
3.86724 -1.1498
3.86858 -1.1494
3.86992 -1.14897
3.87126 -1.1485
3.8726 -1.14801
3.87394 -1.14748
3.87528 -1.14692
3.87662 -1.14633
3.87796 -1.1457
3.8793 -1.14505
3.88064 -1.14436
3.88198 -1.14364
3.88332 -1.14289
3.88466 -1.1421
3.886 -1.14128
3.88734 -1.14043
3.88868 -1.13955
3.89002 -1.13864
3.89136 -1.1377
3.8927 -1.13672
3.89404 -1.13571
3.89538 -1.13467
3.89672 -1.1336
3.89806 -1.13249
3.8994 -1.13136
3.90074 -1.13019
3.90208 -1.12899
3.90342 -1.12775
3.90476 -1.12649
3.9061 -1.12519
3.90744 -1.12387
3.90878 -1.12251
3.91012 -1.12112
3.91146 -1.11969
3.9128 -1.11824
3.91414 -1.11675
3.91548 -1.11523
3.91682 -1.11368
3.91816 -1.1121
3.9195 -1.11049
3.92084 -1.10884
3.92218 -1.10717
3.92352 -1.10546
3.92486 -1.10372
3.9262 -1.10195
3.92754 -1.10015
3.92888 -1.09831
3.93022 -1.09645
3.93156 -1.09455
3.9329 -1.09263
3.93424 -1.09067
3.93558 -1.08868
3.93692 -1.08666
3.93826 -1.0846
3.9396 -1.08252
3.94094 -1.0804
3.94228 -1.07826
3.94362 -1.07608
3.94496 -1.07387
3.9463 -1.07163
3.94764 -1.06936
3.94898 -1.06706
3.95032 -1.06473
3.95166 -1.06237
3.953 -1.05997
3.95434 -1.05755
3.95568 -1.05509
3.95702 -1.05261
3.95836 -1.05009
3.9597 -1.04755
3.96104 -1.04497
3.96238 -1.04236
3.96372 -1.03972
3.96506 -1.03705
3.9664 -1.03435
3.96774 -1.03162
3.96908 -1.02886
3.97042 -1.02607
3.97176 -1.02325
3.9731 -1.0204
3.97444 -1.01752
3.97578 -1.01461
3.97712 -1.01167
3.97846 -1.0087
3.9798 -1.0057
3.98114 -1.00267
3.98248 -0.999613
3.98382 -0.996523
3.98516 -0.993404
3.9865 -0.990256
3.98784 -0.987078
3.98918 -0.983871
3.99052 -0.980634
3.99186 -0.977368
3.9932 -0.974072
3.99454 -0.970748
3.99588 -0.967394
3.99722 -0.964011
3.99856 -0.9606
3.9999 -0.957159
4.00124 -0.953689
4.00258 -0.950191
4.00392 -0.946664
4.00526 -0.943108
4.0066 -0.939524
4.00794 -0.935912
4.00928 -0.93227
4.01062 -0.928601
4.01196 -0.924903
4.0133 -0.921177
4.01464 -0.917423
4.01598 -0.913641
4.01732 -0.909831
4.01866 -0.905993
4.02 -0.902128
4.02134 -0.898234
4.02268 -0.894313
4.02402 -0.890365
4.02536 -0.886389
4.0267 -0.882385
4.02804 -0.878355
4.02938 -0.874297
4.03072 -0.870212
4.03206 -0.8661
4.0334 -0.861961
4.03474 -0.857796
4.03608 -0.853603
4.03742 -0.849384
4.03876 -0.845139
4.0401 -0.840867
4.04144 -0.836569
4.04278 -0.832244
4.04412 -0.827894
4.04546 -0.823517
4.0468 -0.819114
4.04814 -0.814686
4.04948 -0.810232
4.05082 -0.805752
4.05216 -0.801247
4.0535 -0.796717
4.05484 -0.792161
4.05618 -0.78758
4.05752 -0.782973
4.05886 -0.778342
4.0602 -0.773687
4.06154 -0.769006
4.06288 -0.764301
4.06422 -0.759571
4.06556 -0.754817
4.0669 -0.750039
4.06824 -0.745237
4.06958 -0.74041
4.07092 -0.73556
4.07226 -0.730686
4.0736 -0.725789
4.07494 -0.720867
4.07628 -0.715923
4.07762 -0.710955
4.07896 -0.705965
4.0803 -0.700951
4.08164 -0.695914
4.08298 -0.690855
4.08432 -0.685773
4.08566 -0.680669
4.087 -0.675543
4.08834 -0.670394
4.08968 -0.665223
4.09102 -0.660031
4.09236 -0.654816
4.0937 -0.649581
4.09504 -0.644323
4.09638 -0.639045
4.09772 -0.633745
4.09906 -0.628424
4.1004 -0.623083
4.10174 -0.61772
4.10308 -0.612338
4.10442 -0.606935
4.10576 -0.601511
4.1071 -0.596068
4.10844 -0.590604
4.10978 -0.585121
4.11112 -0.579619
4.11246 -0.574096
4.1138 -0.568555
4.11514 -0.562994
4.11648 -0.557415
4.11782 -0.551817
4.11916 -0.5462
4.1205 -0.540564
4.12184 -0.534911
4.12318 -0.529239
4.12452 -0.523549
4.12586 -0.517842
4.1272 -0.512117
4.12854 -0.506374
4.12988 -0.500615
4.13122 -0.494838
4.13256 -0.489044
4.1339 -0.483234
4.13524 -0.477407
4.13658 -0.471564
4.13792 -0.465704
4.13926 -0.459829
4.1406 -0.453938
4.14194 -0.448031
4.14328 -0.442108
4.14462 -0.436171
4.14596 -0.430218
4.1473 -0.424251
4.14864 -0.418269
4.14998 -0.412272
4.15132 -0.406261
4.15266 -0.400236
4.154 -0.394197
4.15534 -0.388145
4.15668 -0.382079
4.15802 -0.375999
4.15936 -0.369907
4.1607 -0.363801
4.16204 -0.357683
4.16338 -0.351552
4.16472 -0.345409
4.16606 -0.339254
4.1674 -0.333087
4.16874 -0.326908
4.17008 -0.320717
4.17142 -0.314516
4.17276 -0.308303
4.1741 -0.302079
4.17544 -0.295845
4.17678 -0.2896
4.17812 -0.283345
4.17946 -0.27708
4.1808 -0.270805
4.18214 -0.264521
4.18348 -0.258227
4.18482 -0.251924
4.18616 -0.245612
4.1875 -0.239291
4.18884 -0.232961
4.19018 -0.226623
4.19152 -0.220277
4.19286 -0.213924
4.1942 -0.207562
4.19554 -0.201193
4.19688 -0.194817
4.19822 -0.188434
4.19956 -0.182043
4.2009 -0.175647
4.20224 -0.169244
4.20358 -0.162834
4.20492 -0.156419
4.20626 -0.149998
4.2076 -0.143572
4.20894 -0.13714
4.21028 -0.130704
4.21162 -0.124262
4.21296 -0.117816
4.2143 -0.111366
4.21564 -0.104911
4.21698 -0.098453
4.21832 -0.0919909
4.21966 -0.0855253
4.221 -0.0790565
4.22234 -0.0725847
4.22368 -0.0661101
4.22502 -0.0596329
4.22636 -0.0531534
4.2277 -0.0466719
4.22904 -0.0401884
4.23038 -0.0337033
4.23172 -0.0272168
4.23306 -0.0207291
4.2344 -0.0142405
4.23574 -0.0077511
4.23708 -0.00126123
4.23842 0.00522893
4.23976 0.0117191
4.2411 0.0182091
4.24244 0.0246987
4.24378 0.0311877
4.24512 0.0376758
4.24646 0.0441628
4.2478 0.0506484
4.24914 0.0571325
4.25048 0.0636149
4.25182 0.0700952
4.25316 0.0765733
4.2545 0.0830489
4.25584 0.0895218
4.25718 0.0959918
4.25852 0.102459
4.25986 0.108922
4.2612 0.115382
4.26254 0.121838
4.26388 0.12829
4.26522 0.134738
4.26656 0.141181
4.2679 0.14762
4.26924 0.154053
4.27058 0.160482
4.27192 0.166904
4.27326 0.173322
4.2746 0.179733
4.27594 0.186139
4.27728 0.192538
4.27862 0.198931
4.27996 0.205316
4.2813 0.211695
4.28264 0.218067
4.28398 0.224432
4.28532 0.230788
4.28666 0.237137
4.288 0.243478
4.28934 0.249811
4.29068 0.256135
4.29202 0.26245
4.29336 0.268757
4.2947 0.275054
4.29604 0.281342
4.29738 0.287621
4.29872 0.293889
4.30006 0.300148
4.3014 0.306397
4.30274 0.312635
4.30408 0.318862
4.30542 0.325079
4.30676 0.331284
4.3081 0.337479
4.30944 0.343662
4.31078 0.349833
4.31212 0.355993
4.31346 0.36214
4.3148 0.368275
4.31614 0.374398
4.31748 0.380508
4.31882 0.386605
4.32016 0.392689
4.3215 0.39876
4.32284 0.404817
4.32418 0.410861
4.32552 0.41689
4.32686 0.422906
4.3282 0.428908
4.32954 0.434895
4.33088 0.440867
4.33222 0.446825
4.33356 0.452767
4.3349 0.458694
4.33624 0.464606
4.33758 0.470503
4.33892 0.476383
4.34026 0.482248
4.3416 0.488096
4.34294 0.493929
4.34428 0.499744
4.34562 0.505543
4.34696 0.511325
4.3483 0.51709
4.34964 0.522838
4.35098 0.528569
4.35232 0.534282
4.35366 0.539977
4.355 0.545654
4.35634 0.551313
4.35768 0.556954
4.35902 0.562576
4.36036 0.56818
4.3617 0.573765
4.36304 0.579331
4.36438 0.584878
4.36572 0.590406
4.36706 0.595915
4.3684 0.601403
4.36974 0.606872
4.37108 0.612321
4.37242 0.61775
4.37376 0.623159
4.3751 0.628547
4.37644 0.633915
4.37778 0.639262
4.37912 0.644589
4.38046 0.649894
4.3818 0.655178
4.38314 0.660441
4.38448 0.665682
4.38582 0.670902
4.38716 0.6761
4.3885 0.681277
4.38984 0.686431
4.39118 0.691563
4.39252 0.696672
4.39386 0.70176
4.3952 0.706824
4.39654 0.711866
4.39788 0.716885
4.39922 0.721882
4.40056 0.726855
4.4019 0.731804
4.40324 0.736731
4.40458 0.741634
4.40592 0.746513
4.40726 0.751368
4.4086 0.7562
4.40994 0.761007
4.41128 0.76579
4.41262 0.77055
4.41396 0.775284
4.4153 0.779994
4.41664 0.78468
4.41798 0.789341
4.41932 0.793976
4.42066 0.798587
4.422 0.803173
4.42334 0.807734
4.42468 0.812269
4.42602 0.816779
4.42736 0.821263
4.4287 0.825722
4.43004 0.830155
4.43138 0.834562
4.43272 0.838943
4.43406 0.843298
4.4354 0.847626
4.43674 0.851929
4.43808 0.856205
4.43942 0.860454
4.44076 0.864677
4.4421 0.868874
4.44344 0.873043
4.44478 0.877186
4.44612 0.881302
4.44746 0.88539
4.4488 0.889452
4.45014 0.893486
4.45148 0.897493
4.45282 0.901472
4.45416 0.905424
4.4555 0.909348
4.45684 0.913245
4.45818 0.917114
4.45952 0.920955
4.46086 0.924768
4.4622 0.928553
4.46354 0.93231
4.46488 0.936038
4.46622 0.939739
4.46756 0.943411
4.4689 0.947054
4.47024 0.95067
4.47158 0.954256
4.47292 0.957814
4.47426 0.961343
4.4756 0.964844
4.47694 0.968315
4.47828 0.971758
4.47962 0.975171
4.48096 0.978556
4.4823 0.981911
4.48364 0.985237
4.48498 0.988534
4.48632 0.991802
4.48766 0.99504
4.489 0.998249
4.49034 1.00143
4.49168 1.00458
4.49302 1.0077
4.49436 1.01079
4.4957 1.01385
4.49704 1.01688
4.49838 1.01988
4.49972 1.02285
4.50106 1.02579
4.5024 1.0287
4.50374 1.03158
4.50508 1.03443
4.50642 1.03725
4.50776 1.04004
4.5091 1.0428
4.51044 1.04553
4.51178 1.04823
4.51312 1.0509
4.51446 1.05354
4.5158 1.05614
4.51714 1.05872
4.51848 1.06127
4.51982 1.06378
4.52116 1.06627
4.5225 1.06872
4.52384 1.07114
4.52518 1.07353
4.52652 1.0759
4.52786 1.07823
4.5292 1.08053
4.53054 1.08279
4.53188 1.08503
4.53322 1.08724
4.53456 1.08941
4.5359 1.09156
4.53724 1.09367
4.53858 1.09575
4.53992 1.0978
4.54126 1.09982
4.5426 1.1018
4.54394 1.10376
4.54528 1.10568
4.54662 1.10758
4.54796 1.10944
4.5493 1.11127
4.55064 1.11307
4.55198 1.11483
4.55332 1.11657
4.55466 1.11827
4.556 1.11995
4.55734 1.12159
4.55868 1.12319
4.56002 1.12477
4.56136 1.12632
4.5627 1.12783
4.56404 1.12931
4.56538 1.13076
4.56672 1.13218
4.56806 1.13357
4.5694 1.13492
4.57074 1.13624
4.57208 1.13753
4.57342 1.13879
4.57476 1.14002
4.5761 1.14121
4.57744 1.14237
4.57878 1.1435
4.58012 1.1446
4.58146 1.14567
4.5828 1.1467
4.58414 1.1477
4.58548 1.14867
4.58682 1.14961
4.58816 1.15052
4.5895 1.15139
4.59084 1.15223
4.59218 1.15304
4.59352 1.15382
4.59486 1.15456
4.5962 1.15528
4.59754 1.15596
4.59888 1.1566
4.60022 1.15722
4.60156 1.1578
4.6029 1.15836
4.60424 1.15887
4.60558 1.15936
4.60692 1.15982
4.60826 1.16024
4.6096 1.16063
4.61094 1.16099
4.61228 1.16131
4.61362 1.1616
4.61496 1.16187
4.6163 1.16209
4.61764 1.16229
4.61898 1.16245
4.62032 1.16258
4.62166 1.16268
4.623 1.16275
4.62434 1.16278
4.62568 1.16279
4.62702 1.16276
4.62836 1.16269
4.6297 1.1626
4.63104 1.16247
4.63238 1.16231
4.63372 1.16212
4.63506 1.1619
4.6364 1.16164
4.63774 1.16135
4.63908 1.16103
4.64042 1.16068
4.64176 1.16029
4.6431 1.15987
4.64444 1.15942
4.64578 1.15894
4.64712 1.15842
4.64846 1.15787
4.6498 1.1573
4.65114 1.15668
4.65248 1.15604
4.65382 1.15536
4.65516 1.15465
4.6565 1.15391
4.65784 1.15314
4.65918 1.15233
4.66052 1.1515
4.66186 1.15063
4.6632 1.14972
4.66454 1.14879
4.66588 1.14782
4.66722 1.14683
4.66856 1.1458
4.6699 1.14473
4.67124 1.14364
4.67258 1.14251
4.67392 1.14135
4.67526 1.14016
4.6766 1.13894
4.67794 1.13768
4.67928 1.1364
4.68062 1.13508
4.68196 1.13373
4.6833 1.13234
4.68464 1.13093
4.68598 1.12948
4.68732 1.128
4.68866 1.12649
4.69 1.12495
4.69134 1.12338
4.69268 1.12177
4.69402 1.12013
4.69536 1.11846
4.6967 1.11676
4.69804 1.11503
4.69938 1.11327
4.70072 1.11147
4.70206 1.10964
4.7034 1.10778
4.70474 1.10589
4.70608 1.10397
4.70742 1.10202
4.70876 1.10003
4.7101 1.09801
4.71144 1.09597
4.71278 1.09389
4.71412 1.09178
4.71546 1.08963
4.7168 1.08746
4.71814 1.08526
4.71948 1.08302
4.72082 1.08075
4.72216 1.07846
4.7235 1.07613
4.72484 1.07377
4.72618 1.07138
4.72752 1.06895
4.72886 1.0665
4.7302 1.06402
4.73154 1.0615
4.73288 1.05896
4.73422 1.05638
4.73556 1.05378
4.7369 1.05114
4.73824 1.04847
4.73958 1.04577
4.74092 1.04304
4.74226 1.04028
4.7436 1.03749
4.74494 1.03467
4.74628 1.03182
4.74762 1.02894
4.74896 1.02603
4.7503 1.02309
4.75164 1.02012
4.75298 1.01711
4.75432 1.01408
4.75566 1.01102
4.757 1.00793
4.75834 1.00481
4.75968 1.00166
4.76102 0.998477
4.76236 0.995267
4.7637 0.992027
4.76504 0.988757
4.76638 0.985458
4.76772 0.98213
4.76906 0.978772
4.7704 0.975385
4.77174 0.971968
4.77308 0.968523
4.77442 0.965049
4.77576 0.961545
4.7771 0.958013
4.77844 0.954451
4.77978 0.950861
4.78112 0.947242
4.78246 0.943595
4.7838 0.939919
4.78514 0.936214
4.78648 0.932481
4.78782 0.92872
4.78916 0.92493
4.7905 0.921112
4.79184 0.917266
4.79318 0.913392
4.79452 0.90949
4.79586 0.90556
4.7972 0.901603
4.79854 0.897618
4.79988 0.893605
4.80122 0.889564
4.80256 0.885496
4.8039 0.881401
4.80524 0.877279
4.80658 0.873129
4.80792 0.868953
4.80926 0.864749
4.8106 0.860518
4.81194 0.856261
4.81328 0.851977
4.81462 0.847667
4.81596 0.843329
4.8173 0.838966
4.81864 0.834576
4.81998 0.83016
4.82132 0.825718
4.82266 0.82125
4.824 0.816756
4.82534 0.812237
4.82668 0.807692
4.82802 0.803121
4.82936 0.798524
4.8307 0.793903
4.83204 0.789256
4.83338 0.784584
4.83472 0.779887
4.83606 0.775165
4.8374 0.770419
4.83874 0.765648
4.84008 0.760852
4.84142 0.756032
4.84276 0.751188
4.8441 0.746319
4.84544 0.741427
4.84678 0.73651
4.84812 0.73157
4.84946 0.726607
4.8508 0.721619
4.85214 0.716609
4.85348 0.711575
4.85482 0.706518
4.85616 0.701438
4.8575 0.696335
4.85884 0.691209
4.86018 0.686061
4.86152 0.68089
4.86286 0.675697
4.8642 0.670482
4.86554 0.665245
4.86688 0.659986
4.86822 0.654706
4.86956 0.649403
4.8709 0.64408
4.87224 0.638735
4.87358 0.633369
4.87492 0.627982
4.87626 0.622574
4.8776 0.617145
4.87894 0.611696
4.88028 0.606227
4.88162 0.600737
4.88296 0.595227
4.8843 0.589698
4.88564 0.584148
4.88698 0.578579
4.88832 0.572991
4.88966 0.567384
4.891 0.561757
4.89234 0.556111
4.89368 0.550447
4.89502 0.544764
4.89636 0.539063
4.8977 0.533343
4.89904 0.527606
4.90038 0.52185
4.90172 0.516077
4.90306 0.510286
4.9044 0.504478
4.90574 0.498653
4.90708 0.492811
4.90842 0.486951
4.90976 0.481076
4.9111 0.475183
4.91244 0.469275
4.91378 0.46335
4.91512 0.45741
4.91646 0.451453
4.9178 0.445481
4.91914 0.439494
4.92048 0.433492
4.92182 0.427475
4.92316 0.421442
4.9245 0.415396
4.92584 0.409335
4.92718 0.403259
4.92852 0.39717
4.92986 0.391067
4.9312 0.38495
4.93254 0.37882
4.93388 0.372677
4.93522 0.36652
4.93656 0.360351
4.9379 0.354169
4.93924 0.347975
4.94058 0.341769
4.94192 0.33555
4.94326 0.32932
4.9446 0.323078
4.94594 0.316825
4.94728 0.310561
4.94862 0.304285
4.94996 0.297999
4.9513 0.291703
4.95264 0.285396
4.95398 0.279079
4.95532 0.272752
4.95666 0.266415
4.958 0.260069
4.95934 0.253713
4.96068 0.247349
4.96202 0.240976
4.96336 0.234594
4.9647 0.228203
4.96604 0.221805
4.96738 0.215398
4.96872 0.208984
4.97006 0.202562
4.9714 0.196133
4.97274 0.189697
4.97408 0.183254
4.97542 0.176805
4.97676 0.170349
4.9781 0.163886
4.97944 0.157418
4.98078 0.150944
4.98212 0.144465
4.98346 0.13798
4.9848 0.13149
4.98614 0.124996
4.98748 0.118496
4.98882 0.111993
4.99016 0.105485
4.9915 0.0989732
4.99284 0.0924578
4.99418 0.0859389
4.99552 0.0794167
4.99686 0.0728915
4.9982 0.0663636
4.99954 0.059833
5.00088 0.0533001
5.00222 0.0467652
5.00356 0.0402283
5.0049 0.0336898
5.00624 0.0271499
5.00758 0.0206088
5.00892 0.0140667
5.01026 0.00752394
5.0116 0.000980666
5.01294 -0.00556288
5.01428 -0.0121065
5.01562 -0.0186498
5.01696 -0.0251928
5.0183 -0.0317351
5.01964 -0.0382765
5.02098 -0.0448168
5.02232 -0.0513557
5.02366 -0.0578931
5.025 -0.0644287
5.02634 -0.0709622
5.02768 -0.0774935
5.02902 -0.0840222
5.03036 -0.0905483
5.0317 -0.0970714
5.03304 -0.103591
5.03438 -0.110108
5.03572 -0.116621
5.03706 -0.12313
5.0384 -0.129635
5.03974 -0.136135
5.04108 -0.142631
5.04242 -0.149122
5.04376 -0.155609
5.0451 -0.16209
5.04644 -0.168565
5.04778 -0.175035
5.04912 -0.181499
5.05046 -0.187957
5.0518 -0.194408
5.05314 -0.200853
5.05448 -0.207291
5.05582 -0.213723
5.05716 -0.220146
5.0585 -0.226563
5.05984 -0.232971
5.06118 -0.239372
5.06252 -0.245765
5.06386 -0.252149
5.0652 -0.258525
5.06654 -0.264892
5.06788 -0.27125
5.06922 -0.277599
5.07056 -0.283938
5.0719 -0.290268
5.07324 -0.296588
5.07458 -0.302897
5.07592 -0.309197
5.07726 -0.315486
5.0786 -0.321764
5.07994 -0.328032
5.08128 -0.334288
5.08262 -0.340533
5.08396 -0.346766
5.0853 -0.352988
5.08664 -0.359197
5.08798 -0.365395
5.08932 -0.37158
5.09066 -0.377752
5.092 -0.383912
5.09334 -0.390059
5.09468 -0.396192
5.09602 -0.402313
5.09736 -0.408419
5.0987 -0.414512
5.10004 -0.420591
5.10138 -0.426656
5.10272 -0.432706
5.10406 -0.438742
5.1054 -0.444763
5.10674 -0.450769
5.10808 -0.45676
5.10942 -0.462735
5.11076 -0.468695
5.1121 -0.47464
5.11344 -0.480568
5.11478 -0.48648
5.11612 -0.492376
5.11746 -0.498256
5.1188 -0.504119
5.12014 -0.509965
5.12148 -0.515794
5.12282 -0.521606
5.12416 -0.527401
5.1255 -0.533178
5.12684 -0.538938
5.12818 -0.544679
5.12952 -0.550402
5.13086 -0.556108
5.1322 -0.561794
5.13354 -0.567463
5.13488 -0.573112
5.13622 -0.578743
5.13756 -0.584354
5.1389 -0.589946
5.14024 -0.595519
5.14158 -0.601072
5.14292 -0.606606
5.14426 -0.61212
5.1456 -0.617613
5.14694 -0.623086
5.14828 -0.628539
5.14962 -0.633972
5.15096 -0.639383
5.1523 -0.644774
5.15364 -0.650144
5.15498 -0.655493
5.15632 -0.66082
5.15766 -0.666126
5.159 -0.67141
5.16034 -0.676673
5.16168 -0.681914
5.16302 -0.687132
5.16436 -0.692329
5.1657 -0.697503
5.16704 -0.702655
5.16838 -0.707784
5.16972 -0.71289
5.17106 -0.717974
5.1724 -0.723034
5.17374 -0.728071
5.17508 -0.733085
5.17642 -0.738076
5.17776 -0.743043
5.1791 -0.747986
5.18044 -0.752906
5.18178 -0.757801
5.18312 -0.762673
5.18446 -0.76752
5.1858 -0.772343
5.18714 -0.777142
5.18848 -0.781916
5.18982 -0.786665
5.19116 -0.79139
5.1925 -0.796089
5.19384 -0.800764
5.19518 -0.805413
5.19652 -0.810037
5.19786 -0.814636
5.1992 -0.819209
5.20054 -0.823757
5.20188 -0.828279
5.20322 -0.832775
5.20456 -0.837245
5.2059 -0.84169
5.20724 -0.846108
5.20858 -0.850499
5.20992 -0.854865
5.21126 -0.859204
5.2126 -0.863516
5.21394 -0.867802
5.21528 -0.872061
5.21662 -0.876293
5.21796 -0.880498
5.2193 -0.884676
5.22064 -0.888827
5.22198 -0.892951
5.22332 -0.897048
5.22466 -0.901117
5.226 -0.905158
5.22734 -0.909172
5.22868 -0.913158
5.23002 -0.917117
5.23136 -0.921047
5.2327 -0.92495
5.23404 -0.928825
5.23538 -0.932671
5.23672 -0.936489
5.23806 -0.940279
5.2394 -0.944041
5.24074 -0.947774
5.24208 -0.951479
5.24342 -0.955155
5.24476 -0.958803
5.2461 -0.962421
5.24744 -0.966011
5.24878 -0.969572
5.25012 -0.973104
5.25146 -0.976607
5.2528 -0.980081
5.25414 -0.983526
5.25548 -0.986942
5.25682 -0.990328
5.25816 -0.993685
5.2595 -0.997012
5.26084 -1.00031
5.26218 -1.00358
5.26352 -1.00682
5.26486 -1.01003
5.2662 -1.01321
5.26754 -1.01635
5.26888 -1.01947
5.27022 -1.02256
5.27156 -1.02562
5.2729 -1.02865
5.27424 -1.03165
5.27558 -1.03462
5.27692 -1.03756
5.27826 -1.04047
5.2796 -1.04335
5.28094 -1.0462
5.28228 -1.04901
5.28362 -1.0518
5.28496 -1.05456
5.2863 -1.05728
5.28764 -1.05998
5.28898 -1.06264
5.29032 -1.06528
5.29166 -1.06788
5.293 -1.07045
5.29434 -1.073
5.29568 -1.07551
5.29702 -1.07799
5.29836 -1.08043
5.2997 -1.08285
5.30104 -1.08524
5.30238 -1.08759
5.30372 -1.08992
5.30506 -1.09221
5.3064 -1.09447
5.30774 -1.0967
5.30908 -1.0989
5.31042 -1.10107
5.31176 -1.10321
5.3131 -1.10531
5.31444 -1.10739
5.31578 -1.10943
5.31712 -1.11144
5.31846 -1.11342
5.3198 -1.11537
5.32114 -1.11729
5.32248 -1.11917
5.32382 -1.12102
5.32516 -1.12284
5.3265 -1.12463
5.32784 -1.12639
5.32918 -1.12812
5.33052 -1.12981
5.33186 -1.13147
5.3332 -1.1331
5.33454 -1.1347
5.33588 -1.13627
5.33722 -1.1378
5.33856 -1.13931
5.3399 -1.14078
5.34124 -1.14222
5.34258 -1.14362
5.34392 -1.145
5.34526 -1.14634
5.3466 -1.14765
5.34794 -1.14893
5.34928 -1.15018
5.35062 -1.15139
5.35196 -1.15257
5.3533 -1.15372
5.35464 -1.15484
5.35598 -1.15593
5.35732 -1.15698
5.35866 -1.158
5.36 -1.15899
5.36134 -1.15995
5.36268 -1.16087
5.36402 -1.16176
5.36536 -1.16262
5.3667 -1.16345
5.36804 -1.16424
5.36938 -1.16501
5.37072 -1.16574
5.37206 -1.16643
5.3734 -1.1671
5.37474 -1.16773
5.37608 -1.16833
5.37742 -1.1689
5.37876 -1.16944
5.3801 -1.16994
5.38144 -1.17041
5.38278 -1.17085
5.38412 -1.17126
5.38546 -1.17163
5.3868 -1.17197
5.38814 -1.17228
5.38948 -1.17256
5.39082 -1.1728
5.39216 -1.17301
5.3935 -1.17319
5.39484 -1.17334
5.39618 -1.17345
5.39752 -1.17353
5.39886 -1.17358
5.4002 -1.1736
5.40154 -1.17358
5.40288 -1.17353
5.40422 -1.17345
5.40556 -1.17334
5.4069 -1.17319
5.40824 -1.17301
5.40958 -1.1728
5.41092 -1.17256
5.41226 -1.17228
5.4136 -1.17197
5.41494 -1.17163
5.41628 -1.17126
5.41762 -1.17085
5.41896 -1.17042
5.4203 -1.16994
5.42164 -1.16944
5.42298 -1.16891
5.42432 -1.16834
5.42566 -1.16774
5.427 -1.1671
5.42834 -1.16644
5.42968 -1.16574
5.43102 -1.16501
5.43236 -1.16425
5.4337 -1.16345
5.43504 -1.16263
5.43638 -1.16177
5.43772 -1.16087
5.43906 -1.15995
5.4404 -1.15899
5.44174 -1.158
5.44308 -1.15698
5.44442 -1.15593
5.44576 -1.15484
5.4471 -1.15373
5.44844 -1.15258
5.44978 -1.15139
5.45112 -1.15018
5.45246 -1.14893
5.4538 -1.14765
5.45514 -1.14634
5.45648 -1.145
5.45782 -1.14362
5.45916 -1.14222
5.4605 -1.14078
5.46184 -1.13931
5.46318 -1.1378
5.46452 -1.13627
5.46586 -1.1347
5.4672 -1.1331
5.46854 -1.13147
5.46988 -1.1298
5.47122 -1.12811
5.47256 -1.12638
5.4739 -1.12462
5.47524 -1.12283
5.47658 -1.12101
5.47792 -1.11916
5.47926 -1.11727
5.4806 -1.11535
5.48194 -1.1134
5.48328 -1.11142
5.48462 -1.10941
5.48596 -1.10737
5.4873 -1.10529
5.48864 -1.10318
5.48998 -1.10105
5.49132 -1.09887
5.49266 -1.09667
5.494 -1.09444
5.49534 -1.09218
5.49668 -1.08988
5.49802 -1.08755
5.49936 -1.0852
5.5007 -1.08281
5.50204 -1.08039
5.50338 -1.07794
5.50472 -1.07545
5.50606 -1.07294
5.5074 -1.0704
5.50874 -1.06782
5.51008 -1.06521
5.51142 -1.06258
5.51276 -1.05991
5.5141 -1.05721
5.51544 -1.05448
5.51678 -1.05172
5.51812 -1.04893
5.51946 -1.04611
5.5208 -1.04326
5.52214 -1.04037
5.52348 -1.03746
5.52482 -1.03452
5.52616 -1.03154
5.5275 -1.02854
5.52884 -1.02551
5.53018 -1.02244
5.53152 -1.01935
5.53286 -1.01622
5.5342 -1.01307
5.53554 -1.00989
5.53688 -1.00667
5.53822 -1.00343
5.53956 -1.00015
5.5409 -0.996851
5.54224 -0.993518
5.54358 -0.990156
5.54492 -0.986764
5.54626 -0.983342
5.5476 -0.979891
5.54894 -0.976411
5.55028 -0.972902
5.55162 -0.969363
5.55296 -0.965796
5.5543 -0.962199
5.55564 -0.958573
5.55698 -0.954919
5.55832 -0.951236
5.55966 -0.947524
5.561 -0.943783
5.56234 -0.940014
5.56368 -0.936216
5.56502 -0.93239
5.56636 -0.928535
5.5677 -0.924652
5.56904 -0.920741
5.57038 -0.916802
5.57172 -0.912835
5.57306 -0.90884
5.5744 -0.904817
5.57574 -0.900766
5.57708 -0.896688
5.57842 -0.892582
5.57976 -0.888448
5.5811 -0.884287
5.58244 -0.880099
5.58378 -0.875883
5.58512 -0.871641
5.58646 -0.867371
5.5878 -0.863075
5.58914 -0.858751
5.59048 -0.854401
5.59182 -0.850024
5.59316 -0.845621
5.5945 -0.841191
5.59584 -0.836735
5.59718 -0.832253
5.59852 -0.827744
5.59986 -0.82321
5.6012 -0.818649
5.60254 -0.814063
5.60388 -0.809451
5.60522 -0.804813
5.60656 -0.80015
5.6079 -0.795462
5.60924 -0.790748
5.61058 -0.786009
5.61192 -0.781246
5.61326 -0.776457
5.6146 -0.771643
5.61594 -0.766805
5.61728 -0.761942
5.61862 -0.757055
5.61996 -0.752144
5.6213 -0.747208
5.62264 -0.742249
5.62398 -0.737265
5.62532 -0.732258
5.62666 -0.727227
5.628 -0.722172
5.62934 -0.717094
5.63068 -0.711993
5.63202 -0.706869
5.63336 -0.701721
5.6347 -0.696551
5.63604 -0.691358
5.63738 -0.686143
5.63872 -0.680905
5.64006 -0.675644
5.6414 -0.670362
5.64274 -0.665058
5.64408 -0.659731
5.64542 -0.654383
5.64676 -0.649014
5.6481 -0.643623
5.64944 -0.638211
5.65078 -0.632777
5.65212 -0.627323
5.65346 -0.621848
5.6548 -0.616352
5.65614 -0.610836
5.65748 -0.605299
5.65882 -0.599742
5.66016 -0.594165
5.6615 -0.588569
5.66284 -0.582952
5.66418 -0.577316
5.66552 -0.571661
5.66686 -0.565986
5.6682 -0.560293
5.66954 -0.55458
5.67088 -0.548849
5.67222 -0.5431
5.67356 -0.537331
5.6749 -0.531545
5.67624 -0.525741
5.67758 -0.519919
5.67892 -0.514079
5.68026 -0.508222
5.6816 -0.502347
5.68294 -0.496456
5.68428 -0.490547
5.68562 -0.484622
5.68696 -0.47868
5.6883 -0.472721
5.68964 -0.466747
5.69098 -0.460756
5.69232 -0.45475
5.69366 -0.448728
5.695 -0.44269
5.69634 -0.436637
5.69768 -0.43057
5.69902 -0.424487
5.70036 -0.418389
5.7017 -0.412277
5.70304 -0.406151
5.70438 -0.400011
5.70572 -0.393857
5.70706 -0.387689
5.7084 -0.381507
5.70974 -0.375312
5.71108 -0.369105
5.71242 -0.362884
5.71376 -0.35665
5.7151 -0.350404
5.71644 -0.344146
5.71778 -0.337876
5.71912 -0.331594
5.72046 -0.3253
5.7218 -0.318995
5.72314 -0.312678
5.72448 -0.30635
5.72582 -0.300012
5.72716 -0.293663
5.7285 -0.287303
5.72984 -0.280934
5.73118 -0.274554
5.73252 -0.268165
5.73386 -0.261766
5.7352 -0.255358
5.73654 -0.24894
5.73788 -0.242514
5.73922 -0.236079
5.74056 -0.229636
5.7419 -0.223184
5.74324 -0.216725
5.74458 -0.210257
5.74592 -0.203782
5.74726 -0.1973
5.7486 -0.190811
5.74994 -0.184314
5.75128 -0.177811
5.75262 -0.171302
5.75396 -0.164786
5.7553 -0.158265
5.75664 -0.151737
5.75798 -0.145204
5.75932 -0.138666
5.76066 -0.132123
5.762 -0.125574
5.76334 -0.119022
5.76468 -0.112464
5.76602 -0.105903
5.76736 -0.0993373
5.7687 -0.0927682
5.77004 -0.0861955
5.77138 -0.0796196
5.77272 -0.0730407
5.77406 -0.066459
5.7754 -0.0598747
5.77674 -0.053288
5.77808 -0.0466993
5.77942 -0.0401087
5.78076 -0.0335164
5.7821 -0.0269228
5.78344 -0.0203279
5.78478 -0.0137321
5.78612 -0.00713561
5.78746 -0.000538621
5.7888 0.00605862
5.79014 0.0126559
5.79148 0.0192529
5.79282 0.0258495
5.79416 0.0324455
5.7955 0.0390405
5.79684 0.0456344
5.79818 0.0522269
5.79952 0.0588178
5.80086 0.0654068
5.8022 0.0719938
5.80354 0.0785785
5.80488 0.0851606
5.80622 0.09174
5.80756 0.0983164
5.8089 0.10489
5.81024 0.111459
5.81158 0.118025
5.81292 0.124588
5.81426 0.131145
5.8156 0.137699
5.81694 0.144248
5.81828 0.150792
5.81962 0.157331
5.82096 0.163865
5.8223 0.170394
5.82364 0.176916
5.82498 0.183433
5.82632 0.189943
5.82766 0.196447
5.829 0.202944
5.83034 0.209435
5.83168 0.215918
5.83302 0.222394
5.83436 0.228863
5.8357 0.235324
5.83704 0.241776
5.83838 0.248221
5.83972 0.254657
5.84106 0.261085
5.8424 0.267503
5.84374 0.273913
5.84508 0.280313
5.84642 0.286704
5.84776 0.293085
5.8491 0.299456
5.85044 0.305817
5.85178 0.312167
5.85312 0.318507
5.85446 0.324836
5.8558 0.331154
5.85714 0.337461
5.85848 0.343757
5.85982 0.35004
5.86116 0.356312
5.8625 0.362572
5.86384 0.368819
5.86518 0.375055
5.86652 0.381277
5.86786 0.387486
5.8692 0.393683
5.87054 0.399866
5.87188 0.406035
5.87322 0.412191
5.87456 0.418333
5.8759 0.424461
5.87724 0.430575
5.87858 0.436674
5.87992 0.442758
5.88126 0.448828
5.8826 0.454882
5.88394 0.460921
5.88528 0.466945
5.88662 0.472953
5.88796 0.478945
5.8893 0.484921
5.89064 0.490881
5.89198 0.496825
5.89332 0.502752
5.89466 0.508662
5.896 0.514555
5.89734 0.520431
5.89868 0.52629
5.90002 0.532131
5.90136 0.537955
5.9027 0.543761
5.90404 0.549548
5.90538 0.555318
5.90672 0.561069
5.90806 0.566802
5.9094 0.572515
5.91074 0.57821
5.91208 0.583886
5.91342 0.589543
5.91476 0.59518
5.9161 0.600798
5.91744 0.606396
5.91878 0.611974
5.92012 0.617532
5.92146 0.62307
5.9228 0.628587
5.92414 0.634084
5.92548 0.63956
5.92682 0.645015
5.92816 0.65045
5.9295 0.655863
5.93084 0.661255
5.93218 0.666625
5.93352 0.671974
5.93486 0.677301
5.9362 0.682606
5.93754 0.687889
5.93888 0.69315
5.94022 0.698388
5.94156 0.703604
5.9429 0.708798
5.94424 0.713968
5.94558 0.719116
5.94692 0.72424
5.94826 0.729342
5.9496 0.73442
5.95094 0.739475
5.95228 0.744506
5.95362 0.749513
5.95496 0.754497
5.9563 0.759456
5.95764 0.764392
5.95898 0.769303
5.96032 0.77419
5.96166 0.779052
5.963 0.78389
5.96434 0.788703
5.96568 0.793491
5.96702 0.798254
5.96836 0.802993
5.9697 0.807705
5.97104 0.812393
5.97238 0.817055
5.97372 0.821692
5.97506 0.826303
5.9764 0.830888
5.97774 0.835447
5.97908 0.839981
5.98042 0.844488
5.98176 0.848969
5.9831 0.853423
5.98444 0.857852
5.98578 0.862253
5.98712 0.866628
5.98846 0.870977
5.9898 0.875298
5.99114 0.879593
5.99248 0.883861
5.99382 0.888101
5.99516 0.892314
5.9965 0.8965
5.99784 0.900659
5.99918 0.90479
6.00052 0.908893
6.00186 0.912969
6.0032 0.917017
6.00454 0.921037
6.00588 0.925029
6.00722 0.928993
6.00856 0.93293
6.0099 0.936837
6.01124 0.940717
6.01258 0.944568
6.01392 0.948391
6.01526 0.952185
6.0166 0.955951
6.01794 0.959688
6.01928 0.963396
6.02062 0.967075
6.02196 0.970726
6.0233 0.974347
6.02464 0.97794
6.02598 0.981503
6.02732 0.985037
6.02866 0.988542
6.03 0.992017
6.03134 0.995464
6.03268 0.99888
6.03402 1.00227
6.03536 1.00562
6.0367 1.00895
6.03804 1.01225
6.03938 1.01552
6.04072 1.01876
6.04206 1.02197
6.0434 1.02514
6.04474 1.02829
6.04608 1.03141
6.04742 1.0345
6.04876 1.03756
6.0501 1.04058
6.05144 1.04358
6.05278 1.04655
6.05412 1.04949
6.05546 1.05239
6.0568 1.05527
6.05814 1.05811
6.05948 1.06093
6.06082 1.06371
6.06216 1.06646
6.0635 1.06919
6.06484 1.07188
6.06618 1.07454
6.06752 1.07717
6.06886 1.07977
6.0702 1.08233
6.07154 1.08487
6.07288 1.08737
6.07422 1.08985
6.07556 1.09229
6.0769 1.0947
6.07824 1.09708
6.07958 1.09943
6.08092 1.10175
6.08226 1.10404
6.0836 1.10629
6.08494 1.10852
6.08628 1.11071
6.08762 1.11287
6.08896 1.115
6.0903 1.1171
6.09164 1.11916
6.09298 1.1212
6.09432 1.1232
6.09566 1.12517
6.097 1.12711
6.09834 1.12902
6.09968 1.13089
6.10102 1.13273
6.10236 1.13455
6.1037 1.13633
6.10504 1.13807
6.10638 1.13979
6.10772 1.14147
6.10906 1.14313
6.1104 1.14475
6.11174 1.14633
6.11308 1.14789
6.11442 1.14941
6.11576 1.1509
6.1171 1.15236
6.11844 1.15379
6.11978 1.15519
6.12112 1.15655
6.12246 1.15788
6.1238 1.15918
6.12514 1.16044
6.12648 1.16168
6.12782 1.16288
6.12916 1.16405
6.1305 1.16518
6.13184 1.16629
6.13318 1.16736
6.13452 1.1684
6.13586 1.16941
6.1372 1.17038
6.13854 1.17133
6.13988 1.17224
6.14122 1.17311
6.14256 1.17396
6.1439 1.17477
6.14524 1.17555
6.14658 1.1763
6.14792 1.17701
6.14926 1.1777
6.1506 1.17835
6.15194 1.17896
6.15328 1.17955
6.15462 1.1801
6.15596 1.18062
6.1573 1.18111
6.15864 1.18156
6.15998 1.18198
6.16132 1.18237
6.16266 1.18273
6.164 1.18305
6.16534 1.18334
6.16668 1.1836
6.16802 1.18383
6.16936 1.18402
6.1707 1.18418
6.17204 1.18431
6.17338 1.18441
6.17472 1.18447
6.17606 1.1845
6.1774 1.1845
6.17874 1.18447
6.18008 1.1844
6.18142 1.1843
6.18276 1.18416
6.1841 1.184
6.18544 1.1838
6.18678 1.18357
6.18812 1.18331
6.18946 1.18301
6.1908 1.18268
6.19214 1.18232
6.19348 1.18193
6.19482 1.1815
6.19616 1.18104
6.1975 1.18055
6.19884 1.18003
6.20018 1.17947
6.20152 1.17888
6.20286 1.17826
6.2042 1.1776
6.20554 1.17692
6.20688 1.1762
6.20822 1.17545
6.20956 1.17466
6.2109 1.17384
6.21224 1.17299
6.21358 1.17211
6.21492 1.1712
6.21626 1.17025
6.2176 1.16927
6.21894 1.16826
6.22028 1.16721
6.22162 1.16614
6.22296 1.16503
6.2243 1.16389
6.22564 1.16271
6.22698 1.16151
6.22832 1.16027
6.22966 1.159
6.231 1.15769
6.23234 1.15636
6.23368 1.15499
6.23502 1.15359
6.23636 1.15216
6.2377 1.15069
6.23904 1.14919
6.24038 1.14767
6.24172 1.1461
6.24306 1.14451
6.2444 1.14289
6.24574 1.14123
6.24708 1.13954
6.24842 1.13782
6.24976 1.13606
6.2511 1.13428
6.25244 1.13246
6.25378 1.13061
6.25512 1.12873
6.25646 1.12682
6.2578 1.12487
6.25914 1.1229
6.26048 1.12089
6.26182 1.11885
6.26316 1.11677
6.2645 1.11467
6.26584 1.11254
6.26718 1.11037
6.26852 1.10817
6.26986 1.10594
6.2712 1.10368
6.27254 1.10139
6.27388 1.09906
6.27522 1.0967
6.27656 1.09432
6.2779 1.0919
6.27924 1.08945
6.28058 1.08697
6.28192 1.08445
6.28326 1.08191
6.2846 1.07934
6.28594 1.07673
6.28728 1.07409
6.28862 1.07143
6.28996 1.06873
6.2913 1.066
6.29264 1.06324
6.29398 1.06044
6.29532 1.05762
6.29666 1.05477
6.298 1.05189
6.29934 1.04897
6.30068 1.04603
6.30202 1.04305
6.30336 1.04005
6.3047 1.03701
6.30604 1.03394
6.30738 1.03085
6.30872 1.02772
6.31006 1.02456
6.3114 1.02137
6.31274 1.01815
6.31408 1.01491
6.31542 1.01163
6.31676 1.00832
6.3181 1.00498
6.31944 1.00162
6.32078 0.99822
6.32212 0.994794
6.32346 0.991337
6.3248 0.987852
6.32614 0.984336
6.32748 0.980792
6.32882 0.977218
6.33016 0.973615
6.3315 0.969982
6.33284 0.966321
6.33418 0.96263
6.33552 0.958911
6.33686 0.955162
6.3382 0.951385
6.33954 0.947579
6.34088 0.943745
6.34222 0.939881
6.34356 0.93599
6.3449 0.932069
6.34624 0.928121
6.34758 0.924144
6.34892 0.920139
6.35026 0.916106
6.3516 0.912045
6.35294 0.907956
6.35428 0.90384
6.35562 0.899695
6.35696 0.895523
6.3583 0.891323
6.35964 0.887096
6.36098 0.882841
6.36232 0.878559
6.36366 0.87425
6.365 0.869914
6.36634 0.865551
6.36768 0.861161
6.36902 0.856744
6.37036 0.8523
6.3717 0.84783
6.37304 0.843333
6.37438 0.83881
6.37572 0.834261
6.37706 0.829685
6.3784 0.825084
6.37974 0.820456
6.38108 0.815802
6.38242 0.811123
6.38376 0.806418
6.3851 0.801688
6.38644 0.796932
6.38778 0.792151
6.38912 0.787345
6.39046 0.782514
6.3918 0.777657
6.39314 0.772776
6.39448 0.767871
6.39582 0.76294
6.39716 0.757986
6.3985 0.753006
6.39984 0.748003
6.40118 0.742976
6.40252 0.737925
6.40386 0.732849
6.4052 0.727751
6.40654 0.722628
6.40788 0.717483
6.40922 0.712314
6.41056 0.707121
6.4119 0.701906
6.41324 0.696668
6.41458 0.691408
6.41592 0.686124
6.41726 0.680818
6.4186 0.67549
6.41994 0.67014
6.42128 0.664768
6.42262 0.659374
6.42396 0.653958
6.4253 0.648521
6.42664 0.643062
6.42798 0.637582
6.42932 0.632081
6.43066 0.626559
6.432 0.621016
6.43334 0.615452
6.43468 0.609869
6.43602 0.604264
6.43736 0.59864
6.4387 0.592995
6.44004 0.587331
6.44138 0.581647
6.44272 0.575944
6.44406 0.570221
6.4454 0.564479
6.44674 0.558718
6.44808 0.552938
6.44942 0.54714
6.45076 0.541323
6.4521 0.535488
6.45344 0.529634
6.45478 0.523763
6.45612 0.517874
6.45746 0.511967
6.4588 0.506043
6.46014 0.500102
6.46148 0.494143
6.46282 0.488168
6.46416 0.482176
6.4655 0.476168
6.46684 0.470143
6.46818 0.464102
6.46952 0.458045
6.47086 0.451972
6.4722 0.445884
6.47354 0.43978
6.47488 0.433662
6.47622 0.427528
6.47756 0.421379
6.4789 0.415216
6.48024 0.409039
6.48158 0.402847
6.48292 0.396641
6.48426 0.390422
6.4856 0.384189
6.48694 0.377942
6.48828 0.371683
6.48962 0.36541
6.49096 0.359125
6.4923 0.352827
6.49364 0.346516
6.49498 0.340194
6.49632 0.333859
6.49766 0.327513
6.499 0.321155
6.50034 0.314786
6.50168 0.308406
6.50302 0.302015
6.50436 0.295613
6.5057 0.289201
6.50704 0.282778
6.50838 0.276346
6.50972 0.269903
6.51106 0.263451
6.5124 0.25699
6.51374 0.250519
6.51508 0.24404
6.51642 0.237552
6.51776 0.231055
6.5191 0.22455
6.52044 0.218037
6.52178 0.211516
6.52312 0.204988
6.52446 0.198452
6.5258 0.191909
6.52714 0.185359
6.52848 0.178802
6.52982 0.172239
6.53116 0.16567
6.5325 0.159094
6.53384 0.152513
6.53518 0.145926
6.53652 0.139334
6.53786 0.132737
6.5392 0.126134
6.54054 0.119528
6.54188 0.112916
6.54322 0.106301
6.54456 0.0996813
6.5459 0.0930581
6.54724 0.0864315
6.54858 0.0798015
6.54992 0.0731685
6.55126 0.0665328
6.5526 0.0598944
6.55394 0.0532537
6.55528 0.0466109
6.55662 0.0399662
6.55796 0.0333199
6.5593 0.0266721
6.56064 0.0200232
6.56198 0.0133734
6.56332 0.00672287
6.56466 7.18543e-05
6.566 -0.0065794
6.56734 -0.0132306
6.56868 -0.0198817
6.57002 -0.0265322
6.57136 -0.0331821
6.5727 -0.039831
6.57404 -0.0464788
6.57538 -0.0531251
6.57672 -0.0597698
6.57806 -0.0664127
6.5794 -0.0730534
6.58074 -0.0796918
6.58208 -0.0863277
6.58342 -0.0929607
6.58476 -0.0995907
6.5861 -0.106217
6.58744 -0.112841
6.58878 -0.11946
6.59012 -0.126076
6.59146 -0.132687
6.5928 -0.139294
6.59414 -0.145896
6.59548 -0.152494
6.59682 -0.159086
6.59816 -0.165673
6.5995 -0.172254
6.60084 -0.17883
6.60218 -0.185399
6.60352 -0.191963
6.60486 -0.198519
6.6062 -0.205069
6.60754 -0.211612
6.60888 -0.218148
6.61022 -0.224677
6.61156 -0.231198
6.6129 -0.237711
6.61424 -0.244216
6.61558 -0.250713
6.61692 -0.257201
6.61826 -0.26368
6.6196 -0.270151
6.62094 -0.276612
6.62228 -0.283064
6.62362 -0.289507
6.62496 -0.295939
6.6263 -0.302362
6.62764 -0.308774
6.62898 -0.315176
6.63032 -0.321567
6.63166 -0.327947
6.633 -0.334316
6.63434 -0.340674
6.63568 -0.34702
6.63702 -0.353354
6.63836 -0.359677
6.6397 -0.365987
6.64104 -0.372285
6.64238 -0.37857
6.64372 -0.384842
6.64506 -0.391102
6.6464 -0.397348
6.64774 -0.403581
6.64908 -0.4098
6.65042 -0.416005
6.65176 -0.422197
6.6531 -0.428374
6.65444 -0.434537
6.65578 -0.440685
6.65712 -0.446818
6.65846 -0.452936
6.6598 -0.459039
6.66114 -0.465127
6.66248 -0.471199
6.66382 -0.477255
6.66516 -0.483296
6.6665 -0.48932
6.66784 -0.495328
6.66918 -0.501319
6.67052 -0.507293
6.67186 -0.513251
6.6732 -0.519191
6.67454 -0.525115
6.67588 -0.53102
6.67722 -0.536909
6.67856 -0.542779
6.6799 -0.548631
6.68124 -0.554465
6.68258 -0.560281
6.68392 -0.566078
6.68526 -0.571857
6.6866 -0.577616
6.68794 -0.583357
6.68928 -0.589078
6.69062 -0.59478
6.69196 -0.600463
6.6933 -0.606126
6.69464 -0.611768
6.69598 -0.617391
6.69732 -0.622994
6.69866 -0.628576
6.7 -0.634138
