0 0
0.00134 -0.0234251
0.00268 -0.0468502
0.00402 -0.0702749
0.00536 -0.0936989
0.0067 -0.117122
0.00804 -0.140543
0.00938 -0.163962
0.01072 -0.18738
0.01206 -0.210794
0.0134 -0.234206
0.01474 -0.257614
0.01608 -0.281018
0.01742 -0.304418
0.01876 -0.327814
0.0201 -0.351204
0.02144 -0.37459
0.02278 -0.397969
0.02412 -0.421343
0.02546 -0.44471
0.0268 -0.46807
0.02814 -0.491423
0.02948 -0.514769
0.03082 -0.538106
0.03216 -0.561435
0.0335 -0.584755
0.03484 -0.608066
0.03618 -0.631367
0.03752 -0.654659
0.03886 -0.67794
0.0402 -0.70121
0.04154 -0.724469
0.04288 -0.747716
0.04422 -0.770951
0.04556 -0.794174
0.0469 -0.817384
0.04824 -0.840581
0.04958 -0.863764
0.05092 -0.886934
0.05226 -0.910088
0.0536 -0.933228
0.05494 -0.956352
0.05628 -0.979461
0.05762 -1.00255
0.05896 -1.02563
0.0603 -1.04869
0.06164 -1.07173
0.06298 -1.09475
0.06432 -1.11776
0.06566 -1.14074
0.067 -1.16371
0.06834 -1.18666
0.06968 -1.20959
0.07102 -1.23249
0.07236 -1.25538
0.0737 -1.27824
0.07504 -1.30108
0.07638 -1.3239
0.07772 -1.3467
0.07906 -1.36947
0.0804 -1.39222
0.08174 -1.41495
0.08308 -1.43765
0.08442 -1.46033
0.08576 -1.48298
0.0871 -1.5056
0.08844 -1.52819
0.08978 -1.55076
0.09112 -1.57331
0.09246 -1.59582
0.0938 -1.6183
0.09514 -1.64076
0.09648 -1.66318
0.09782 -1.68558
0.09916 -1.70794
0.1005 -1.73027
0.10184 -1.75258
0.10318 -1.77484
0.10452 -1.79708
0.10586 -1.81928
0.1072 -1.84145
0.10854 -1.86358
0.10988 -1.88568
0.11122 -1.90774
0.11256 -1.92977
0.1139 -1.95176
0.11524 -1.97371
0.11658 -1.99562
0.11792 -2.0175
0.11926 -2.03934
0.1206 -2.06113
0.12194 -2.08289
0.12328 -2.1046
0.12462 -2.12628
0.12596 -2.14791
0.1273 -2.1695
0.12864 -2.19104
0.12998 -2.21255
0.13132 -2.234
0.13266 -2.25541
0.134 -2.27678
0.13534 -2.2981
0.13668 -2.31937
0.13802 -2.3406
0.13936 -2.36177
0.1407 -2.3829
0.14204 -2.40398
0.14338 -2.42501
0.14472 -2.44598
0.14606 -2.46691
0.1474 -2.48778
0.14874 -2.5086
0.15008 -2.52937
0.15142 -2.55008
0.15276 -2.57073
0.1541 -2.59134
0.15544 -2.61188
0.15678 -2.63237
0.15812 -2.6528
0.15946 -2.67317
0.1608 -2.69348
0.16214 -2.71373
0.16348 -2.73392
0.16482 -2.75405
0.16616 -2.77412
0.1675 -2.79413
0.16884 -2.81407
0.17018 -2.83395
0.17152 -2.85376
0.17286 -2.87351
0.1742 -2.89319
0.17554 -2.9128
0.17688 -2.93234
0.17822 -2.95182
0.17956 -2.97123
0.1809 -2.99056
0.18224 -3.00983
0.18358 -3.02902
0.18492 -3.04815
0.18626 -3.06719
0.1876 -3.08617
0.18894 -3.10507
0.19028 -3.12389
0.19162 -3.14264
0.19296 -3.16131
0.1943 -3.1799
0.19564 -3.19841
0.19698 -3.21684
0.19832 -3.2352
0.19966 -3.25347
0.201 -3.27166
0.20234 -3.28976
0.20368 -3.30779
0.20502 -3.32572
0.20636 -3.34358
0.2077 -3.36134
0.20904 -3.37902
0.21038 -3.39662
0.21172 -3.41412
0.21306 -3.43154
0.2144 -3.44886
0.21574 -3.46609
0.21708 -3.48324
0.21842 -3.50028
0.21976 -3.51724
0.2211 -3.5341
0.22244 -3.55087
0.22378 -3.56754
0.22512 -3.58411
0.22646 -3.60059
0.2278 -3.61696
0.22914 -3.63324
0.23048 -3.64942
0.23182 -3.6655
0.23316 -3.68147
0.2345 -3.69734
0.23584 -3.71311
0.23718 -3.72878
0.23852 -3.74434
0.23986 -3.75979
0.2412 -3.77514
0.24254 -3.79038
0.24388 -3.80551
0.24522 -3.82053
0.24656 -3.83544
0.2479 -3.85024
0.24924 -3.86493
0.25058 -3.87951
0.25192 -3.89397
0.25326 -3.90832
0.2546 -3.92255
0.25594 -3.93667
0.25728 -3.95067
0.25862 -3.96456
0.25996 -3.97832
0.2613 -3.99197
0.26264 -4.0055
0.26398 -4.0189
0.26532 -4.03219
0.26666 -4.04535
0.268 -4.05839
0.26934 -4.07131
0.27068 -4.0841
0.27202 -4.09676
0.27336 -4.1093
0.2747 -4.12172
0.27604 -4.134
0.27738 -4.14616
0.27872 -4.15819
0.28006 -4.17008
0.2814 -4.18185
0.28274 -4.19349
0.28408 -4.20499
0.28542 -4.21636
0.28676 -4.2276
0.2881 -4.2387
0.28944 -4.24967
0.29078 -4.2605
0.29212 -4.2712
0.29346 -4.28176
0.2948 -4.29218
0.29614 -4.30246
0.29748 -4.31261
0.29882 -4.32261
0.30016 -4.33247
0.3015 -4.3422
0.30284 -4.35178
0.30418 -4.36121
0.30552 -4.37051
0.30686 -4.37966
0.3082 -4.38867
0.30954 -4.39753
0.31088 -4.40624
0.31222 -4.41481
0.31356 -4.42324
0.3149 -4.43151
0.31624 -4.43964
0.31758 -4.44762
0.31892 -4.45545
0.32026 -4.46313
0.3216 -4.47066
0.32294 -4.47804
0.32428 -4.48527
0.32562 -4.49235
0.32696 -4.49928
0.3283 -4.50605
0.32964 -4.51267
0.33098 -4.51914
0.33232 -4.52545
0.33366 -4.53161
0.335 -4.53761
0.33634 -4.54346
0.33768 -4.54915
0.33902 -4.55468
0.34036 -4.56006
0.3417 -4.56528
0.34304 -4.57035
0.34438 -4.57525
0.34572 -4.58
0.34706 -4.58459
0.3484 -4.58902
0.34974 -4.5933
0.35108 -4.59741
0.35242 -4.60136
0.35376 -4.60515
0.3551 -4.60879
0.35644 -4.61226
0.35778 -4.61557
0.35912 -4.61872
0.36046 -4.62171
0.3618 -4.62454
0.36314 -4.6272
0.36448 -4.62971
0.36582 -4.63205
0.36716 -4.63423
0.3685 -4.63624
0.36984 -4.6381
0.37118 -4.63979
0.37252 -4.64132
0.37386 -4.64268
0.3752 -4.64388
0.37654 -4.64492
0.37788 -4.6458
0.37922 -4.64651
0.38056 -4.64706
0.3819 -4.64744
0.38324 -4.64767
0.38458 -4.64772
0.38592 -4.64762
0.38726 -4.64735
0.3886 -4.64692
0.38994 -4.64632
0.39128 -4.64556
0.39262 -4.64464
0.39396 -4.64355
0.3953 -4.6423
0.39664 -4.64089
0.39798 -4.63931
0.39932 -4.63757
0.40066 -4.63567
0.402 -4.63361
0.40334 -4.63138
0.40468 -4.62899
0.40602 -4.62644
0.40736 -4.62372
0.4087 -4.62085
0.41004 -4.61781
0.41138 -4.61461
0.41272 -4.61125
0.41406 -4.60773
0.4154 -4.60404
0.41674 -4.6002
0.41808 -4.5962
0.41942 -4.59204
0.42076 -4.58771
0.4221 -4.58323
0.42344 -4.57859
0.42478 -4.57379
0.42612 -4.56883
0.42746 -4.56372
0.4288 -4.55844
0.43014 -4.55301
0.43148 -4.54743
0.43282 -4.54168
0.43416 -4.53578
0.4355 -4.52973
0.43684 -4.52352
0.43818 -4.51715
0.43952 -4.51063
0.44086 -4.50396
0.4422 -4.49713
0.44354 -4.49015
0.44488 -4.48302
0.44622 -4.47573
0.44756 -4.4683
0.4489 -4.46071
0.45024 -4.45297
0.45158 -4.44508
0.45292 -4.43705
0.45426 -4.42886
0.4556 -4.42053
0.45694 -4.41205
0.45828 -4.40342
0.45962 -4.39464
0.46096 -4.38572
0.4623 -4.37666
0.46364 -4.36745
0.46498 -4.35809
0.46632 -4.34859
0.46766 -4.33895
0.469 -4.32917
0.47034 -4.31924
0.47168 -4.30918
0.47302 -4.29897
0.47436 -4.28863
0.4757 -4.27814
0.47704 -4.26752
0.47838 -4.25676
0.47972 -4.24586
0.48106 -4.23483
0.4824 -4.22366
0.48374 -4.21236
0.48508 -4.20092
0.48642 -4.18935
0.48776 -4.17765
0.4891 -4.16581
0.49044 -4.15385
0.49178 -4.14175
0.49312 -4.12952
0.49446 -4.11717
0.4958 -4.10469
0.49714 -4.09208
0.49848 -4.07934
0.49982 -4.06648
0.50116 -4.05349
0.5025 -4.04038
0.50384 -4.02714
0.50518 -4.01379
0.50652 -4.00031
0.50786 -3.98671
0.5092 -3.97299
0.51054 -3.95915
0.51188 -3.94519
0.51322 -3.93111
0.51456 -3.91692
0.5159 -3.90261
0.51724 -3.88818
0.51858 -3.87364
0.51992 -3.85899
0.52126 -3.84422
0.5226 -3.82934
0.52394 -3.81435
0.52528 -3.79925
0.52662 -3.78404
0.52796 -3.76872
0.5293 -3.7533
0.53064 -3.73776
0.53198 -3.72212
0.53332 -3.70638
0.53466 -3.69053
0.536 -3.67457
0.53734 -3.65851
0.53868 -3.64235
0.54002 -3.62609
0.54136 -3.60973
0.5427 -3.59327
0.54404 -3.57671
0.54538 -3.56005
0.54672 -3.5433
0.54806 -3.52645
0.5494 -3.5095
0.55074 -3.49246
0.55208 -3.47532
0.55342 -3.45809
0.55476 -3.44077
0.5561 -3.42336
0.55744 -3.40586
0.55878 -3.38827
0.56012 -3.37059
0.56146 -3.35282
0.5628 -3.33496
0.56414 -3.31702
0.56548 -3.29899
0.56682 -3.28088
0.56816 -3.26268
0.5695 -3.2444
0.57084 -3.22604
0.57218 -3.20759
0.57352 -3.18907
0.57486 -3.17046
0.5762 -3.15178
0.57754 -3.13302
0.57888 -3.11418
0.58022 -3.09526
0.58156 -3.07627
0.5829 -3.0572
0.58424 -3.03806
0.58558 -3.01884
0.58692 -2.99955
0.58826 -2.98019
0.5896 -2.96076
0.59094 -2.94126
0.59228 -2.92169
0.59362 -2.90205
0.59496 -2.88234
0.5963 -2.86256
0.59764 -2.84272
0.59898 -2.82281
0.60032 -2.80283
0.60166 -2.78279
0.603 -2.76269
0.60434 -2.74252
0.60568 -2.72229
0.60702 -2.702
0.60836 -2.68165
0.6097 -2.66124
0.61104 -2.64077
0.61238 -2.62024
0.61372 -2.59966
0.61506 -2.57901
0.6164 -2.55831
0.61774 -2.53756
0.61908 -2.51674
0.62042 -2.49588
0.62176 -2.47496
0.6231 -2.45398
0.62444 -2.43296
0.62578 -2.41188
0.62712 -2.39075
0.62846 -2.36957
0.6298 -2.34834
0.63114 -2.32706
0.63248 -2.30574
0.63382 -2.28436
0.63516 -2.26294
0.6365 -2.24147
0.63784 -2.21996
0.63918 -2.1984
0.64052 -2.17679
0.64186 -2.15514
0.6432 -2.13345
0.64454 -2.11172
0.64588 -2.08994
0.64722 -2.06812
0.64856 -2.04626
0.6499 -2.02436
0.65124 -2.00242
0.65258 -1.98044
0.65392 -1.95842
0.65526 -1.93636
0.6566 -1.91427
0.65794 -1.89214
0.65928 -1.86997
0.66062 -1.84777
0.66196 -1.82553
0.6633 -1.80326
0.66464 -1.78095
0.66598 -1.75861
0.66732 -1.73623
0.66866 -1.71383
0.67 -1.69139
0.67134 -1.66892
0.67268 -1.64642
0.67402 -1.62388
0.67536 -1.60132
0.6767 -1.57873
0.67804 -1.55611
0.67938 -1.53346
0.68072 -1.51079
0.68206 -1.48808
0.6834 -1.46535
0.68474 -1.44259
0.68608 -1.41981
0.68742 -1.397
0.68876 -1.37417
0.6901 -1.35131
0.69144 -1.32843
0.69278 -1.30552
0.69412 -1.2826
0.69546 -1.25964
0.6968 -1.23667
0.69814 -1.21368
0.69948 -1.19066
0.70082 -1.16762
0.70216 -1.14457
0.7035 -1.12149
0.70484 -1.09839
0.70618 -1.07528
0.70752 -1.05214
0.70886 -1.02899
0.7102 -1.00582
0.71154 -0.982637
0.71288 -0.959433
0.71422 -0.936213
0.71556 -0.912978
0.7169 -0.889726
0.71824 -0.86646
0.71958 -0.843179
0.72092 -0.819884
0.72226 -0.796574
0.7236 -0.773252
0.72494 -0.749916
0.72628 -0.726568
0.72762 -0.703207
0.72896 -0.679835
0.7303 -0.656451
0.73164 -0.633057
0.73298 -0.609651
0.73432 -0.586236
0.73566 -0.56281
0.737 -0.539375
0.73834 -0.515932
0.73968 -0.492479
0.74102 -0.469018
0.74236 -0.445549
0.7437 -0.422073
0.74504 -0.39859
0.74638 -0.3751
0.74772 -0.351603
0.74906 -0.328101
0.7504 -0.304593
0.75174 -0.28108
0.75308 -0.257562
0.75442 -0.234039
0.75576 -0.210513
0.7571 -0.186982
0.75844 -0.163449
0.75978 -0.139912
0.76112 -0.116373
0.76246 -0.0928317
0.7638 -0.0692884
0.76514 -0.0457437
0.76648 -0.022198
0.76782 0.00134856
0.76916 0.0248954
0.7705 0.0484423
0.77184 0.0719887
0.77318 0.0955344
0.77452 0.119079
0.77586 0.142622
0.7772 0.166163
0.77854 0.189702
0.77988 0.213238
0.78122 0.236772
0.78256 0.260301
0.7839 0.283828
0.78524 0.30735
0.78658 0.330867
0.78792 0.35438
0.78926 0.377887
0.7906 0.401389
0.79194 0.424884
0.79328 0.448374
0.79462 0.471856
0.79596 0.495332
0.7973 0.518799
0.79864 0.542259
0.79998 0.565711
0.80132 0.589154
0.80266 0.612588
0.804 0.636012
0.80534 0.659426
0.80668 0.68283
0.80802 0.706224
0.80936 0.729606
0.8107 0.752977
0.81204 0.776336
0.81338 0.799683
0.81472 0.823017
0.81606 0.846338
0.8174 0.869645
0.81874 0.892939
0.82008 0.916218
0.82142 0.939483
0.82276 0.962732
0.8241 0.985966
0.82544 1.00918
0.82678 1.03239
0.82812 1.05557
0.82946 1.07874
0.8308 1.10189
0.83214 1.12502
0.83348 1.14813
0.83482 1.17123
0.83616 1.1943
0.8375 1.21735
0.83884 1.24039
0.84018 1.2634
0.84152 1.28639
0.84286 1.30936
0.8442 1.33231
0.84554 1.35524
0.84688 1.37814
0.84822 1.40102
0.84956 1.42387
0.8509 1.4467
0.85224 1.46951
0.85358 1.49229
0.85492 1.51504
0.85626 1.53777
0.8576 1.56047
0.85894 1.58314
0.86028 1.60579
0.86162 1.6284
0.86296 1.65099
0.8643 1.67355
0.86564 1.69607
0.86698 1.71857
0.86832 1.74104
0.86966 1.76347
0.871 1.78587
0.87234 1.80824
0.87368 1.83058
0.87502 1.85288
0.87636 1.87515
0.8777 1.89738
0.87904 1.91958
0.88038 1.94174
0.88172 1.96387
0.88306 1.98596
0.8844 2.00801
0.88574 2.03002
0.88708 2.05199
0.88842 2.07393
0.88976 2.09582
0.8911 2.11767
0.89244 2.13949
0.89378 2.16126
0.89512 2.18299
0.89646 2.20467
0.8978 2.22631
0.89914 2.24791
0.90048 2.26946
0.90182 2.29097
0.90316 2.31243
0.9045 2.33384
0.90584 2.35521
0.90718 2.37653
0.90852 2.3978
0.90986 2.41902
0.9112 2.44019
0.91254 2.46131
0.91388 2.48238
0.91522 2.50339
0.91656 2.52436
0.9179 2.54527
0.91924 2.56612
0.92058 2.58692
0.92192 2.60767
0.92326 2.62836
0.9246 2.64899
0.92594 2.66957
0.92728 2.69009
0.92862 2.71054
0.92996 2.73094
0.9313 2.75128
0.93264 2.77156
0.93398 2.79177
0.93532 2.81193
0.93666 2.83202
0.938 2.85204
0.93934 2.872
0.94068 2.8919
0.94202 2.91173
0.94336 2.93149
0.9447 2.95118
0.94604 2.97081
0.94738 2.99037
0.94872 3.00985
0.95006 3.02927
0.9514 3.04861
0.95274 3.06788
0.95408 3.08708
0.95542 3.10621
0.95676 3.12526
0.9581 3.14423
0.95944 3.16313
0.96078 3.18195
0.96212 3.20069
0.96346 3.21936
0.9648 3.23794
0.96614 3.25645
0.96748 3.27487
0.96882 3.29321
0.97016 3.31147
0.9715 3.32965
0.97284 3.34774
0.97418 3.36574
0.97552 3.38366
0.97686 3.4015
0.9782 3.41924
0.97954 3.4369
0.98088 3.45447
0.98222 3.47194
0.98356 3.48933
0.9849 3.50662
0.98624 3.52382
0.98758 3.54093
0.98892 3.55795
0.99026 3.57487
0.9916 3.59169
0.99294 3.60841
0.99428 3.62504
0.99562 3.64157
0.99696 3.658
0.9983 3.67433
0.99964 3.69056
1.00098 3.70669
1.00232 3.72271
1.00366 3.73863
1.005 3.75445
1.00634 3.77016
1.00768 3.78576
1.00902 3.80126
1.01036 3.81665
1.0117 3.83193
1.01304 3.84711
1.01438 3.86217
1.01572 3.87712
1.01706 3.89196
1.0184 3.90668
1.01974 3.9213
1.02108 3.93579
1.02242 3.95018
1.02376 3.96444
1.0251 3.97859
1.02644 3.99262
1.02778 4.00654
1.02912 4.02033
1.03046 4.034
1.0318 4.04756
1.03314 4.06099
1.03448 4.0743
1.03582 4.08748
1.03716 4.10054
1.0385 4.11348
1.03984 4.12629
1.04118 4.13897
1.04252 4.15153
1.04386 4.16395
1.0452 4.17625
1.04654 4.18842
1.04788 4.20046
1.04922 4.21237
1.05056 4.22414
1.0519 4.23579
1.05324 4.2473
1.05458 4.25867
1.05592 4.26991
1.05726 4.28102
1.0586 4.29198
1.05994 4.30282
1.06128 4.31351
1.06262 4.32406
1.06396 4.33448
1.0653 4.34476
1.06664 4.35489
1.06798 4.36488
1.06932 4.37474
1.07066 4.38445
1.072 4.39401
1.07334 4.40344
1.07468 4.41271
1.07602 4.42185
1.07736 4.43083
1.0787 4.43967
1.08004 4.44837
1.08138 4.45692
1.08272 4.46531
1.08406 4.47356
1.0854 4.48166
1.08674 4.48961
1.08808 4.49741
1.08942 4.50506
1.09076 4.51256
1.0921 4.5199
1.09344 4.52709
1.09478 4.53413
1.09612 4.54102
1.09746 4.54775
1.0988 4.55433
1.10014 4.56075
1.10148 4.56702
1.10282 4.57313
1.10416 4.57908
1.1055 4.58488
1.10684 4.59052
1.10818 4.596
1.10952 4.60132
1.11086 4.60649
1.1122 4.6115
1.11354 4.61634
1.11488 4.62103
1.11622 4.62556
1.11756 4.62993
1.1189 4.63413
1.12024 4.63818
1.12158 4.64206
1.12292 4.64579
1.12426 4.64935
1.1256 4.65275
1.12694 4.65598
1.12828 4.65906
1.12962 4.66197
1.13096 4.66472
1.1323 4.6673
1.13364 4.66973
1.13498 4.67199
1.13632 4.67408
1.13766 4.67601
1.139 4.67778
1.14034 4.67938
1.14168 4.68082
1.14302 4.68209
1.14436 4.6832
1.1457 4.68415
1.14704 4.68492
1.14838 4.68554
1.14972 4.68599
1.15106 4.68627
1.1524 4.68639
1.15374 4.68635
1.15508 4.68614
1.15642 4.68577
1.15776 4.68523
1.1591 4.68452
1.16044 4.68365
1.16178 4.68262
1.16312 4.68142
1.16446 4.68006
1.1658 4.67853
1.16714 4.67684
1.16848 4.67498
1.16982 4.67296
1.17116 4.67078
1.1725 4.66843
1.17384 4.66592
1.17518 4.66324
1.17652 4.6604
1.17786 4.6574
1.1792 4.65424
1.18054 4.65091
1.18188 4.64742
1.18322 4.64377
1.18456 4.63995
1.1859 4.63598
1.18724 4.63184
1.18858 4.62754
1.18992 4.62308
1.19126 4.61846
1.1926 4.61368
1.19394 4.60875
1.19528 4.60365
1.19662 4.59839
1.19796 4.59297
1.1993 4.5874
1.20064 4.58167
1.20198 4.57578
1.20332 4.56973
1.20466 4.56353
1.206 4.55717
1.20734 4.55066
1.20868 4.54399
1.21002 4.53716
1.21136 4.53018
1.2127 4.52305
1.21404 4.51576
1.21538 4.50832
1.21672 4.50073
1.21806 4.49299
1.2194 4.48509
1.22074 4.47705
1.22208 4.46885
1.22342 4.46051
1.22476 4.45201
1.2261 4.44337
1.22744 4.43458
1.22878 4.42565
1.23012 4.41656
1.23146 4.40733
1.2328 4.39796
1.23414 4.38844
1.23548 4.37877
1.23682 4.36897
1.23816 4.35902
1.2395 4.34893
1.24084 4.33869
1.24218 4.32832
1.24352 4.3178
1.24486 4.30715
1.2462 4.29636
1.24754 4.28543
1.24888 4.27436
1.25022 4.26315
1.25156 4.25181
1.2529 4.24034
1.25424 4.22873
1.25558 4.21698
1.25692 4.20511
1.25826 4.1931
1.2596 4.18096
1.26094 4.16869
1.26228 4.15629
1.26362 4.14376
1.26496 4.1311
1.2663 4.11831
1.26764 4.1054
1.26898 4.09236
1.27032 4.0792
1.27166 4.06591
1.273 4.0525
1.27434 4.03896
1.27568 4.02531
1.27702 4.01153
1.27836 3.99763
1.2797 3.98361
1.28104 3.96948
1.28238 3.95522
1.28372 3.94085
1.28506 3.92636
1.2864 3.91176
1.28774 3.89704
1.28908 3.88221
1.29042 3.86726
1.29176 3.85221
1.2931 3.83704
1.29444 3.82176
1.29578 3.80637
1.29712 3.79087
1.29846 3.77527
1.2998 3.75955
1.30114 3.74374
1.30248 3.72781
1.30382 3.71178
1.30516 3.69565
1.3065 3.67941
1.30784 3.66308
1.30918 3.64664
1.31052 3.6301
1.31186 3.61346
1.3132 3.59672
1.31454 3.57989
1.31588 3.56295
1.31722 3.54592
1.31856 3.5288
1.3199 3.51158
1.32124 3.49427
1.32258 3.47687
1.32392 3.45937
1.32526 3.44178
1.3266 3.4241
1.32794 3.40634
1.32928 3.38848
1.33062 3.37053
1.33196 3.3525
1.3333 3.33439
1.33464 3.31618
1.33598 3.2979
1.33732 3.27953
1.33866 3.26107
1.34 3.24254
1.34134 3.22392
1.34268 3.20522
1.34402 3.18645
1.34536 3.16759
1.3467 3.14866
1.34804 3.12965
1.34938 3.11056
1.35072 3.0914
1.35206 3.07216
1.3534 3.05285
1.35474 3.03347
1.35608 3.01401
1.35742 2.99448
1.35876 2.97488
1.3601 2.95521
1.36144 2.93547
1.36278 2.91566
1.36412 2.89579
1.36546 2.87585
1.3668 2.85584
1.36814 2.83576
1.36948 2.81562
1.37082 2.79542
1.37216 2.77515
1.3735 2.75482
1.37484 2.73443
1.37618 2.71398
1.37752 2.69347
1.37886 2.6729
1.3802 2.65227
1.38154 2.63158
1.38288 2.61083
1.38422 2.59003
1.38556 2.56917
1.3869 2.54825
1.38824 2.52728
1.38958 2.50626
1.39092 2.48518
1.39226 2.46405
1.3936 2.44287
1.39494 2.42163
1.39628 2.40035
1.39762 2.37902
1.39896 2.35763
1.4003 2.3362
1.40164 2.31472
1.40298 2.29319
1.40432 2.27162
1.40566 2.25
1.407 2.22833
1.40834 2.20662
1.40968 2.18487
1.41102 2.16307
1.41236 2.14123
1.4137 2.11934
1.41504 2.09742
1.41638 2.07545
1.41772 2.05344
1.41906 2.03139
1.4204 2.00931
1.42174 1.98718
1.42308 1.96502
1.42442 1.94281
1.42576 1.92057
1.4271 1.8983
1.42844 1.87599
1.42978 1.85364
1.43112 1.83126
1.43246 1.80884
1.4338 1.78639
1.43514 1.76391
1.43648 1.7414
1.43782 1.71885
1.43916 1.69627
1.4405 1.67366
1.44184 1.65102
1.44318 1.62835
1.44452 1.60565
1.44586 1.58292
1.4472 1.56016
1.44854 1.53737
1.44988 1.51456
1.45122 1.49172
1.45256 1.46885
1.4539 1.44596
1.45524 1.42304
1.45658 1.4001
1.45792 1.37713
1.45926 1.35414
1.4606 1.33112
1.46194 1.30808
1.46328 1.28502
1.46462 1.26194
1.46596 1.23883
1.4673 1.2157
1.46864 1.19256
1.46998 1.16939
1.47132 1.1462
1.47266 1.12299
1.474 1.09977
1.47534 1.07652
1.47668 1.05326
1.47802 1.02998
1.47936 1.00668
1.4807 0.983362
1.48204 0.96003
1.48338 0.936682
1.48472 0.913318
1.48606 0.889939
1.4874 0.866546
1.48874 0.843137
1.49008 0.819715
1.49142 0.79628
1.49276 0.772831
1.4941 0.74937
1.49544 0.725896
1.49678 0.70241
1.49812 0.678912
1.49946 0.655404
1.5008 0.631884
1.50214 0.608354
1.50348 0.584815
1.50482 0.561265
1.50616 0.537706
1.5075 0.514139
1.50884 0.490563
1.51018 0.466979
1.51152 0.443387
1.51286 0.419788
1.5142 0.396182
1.51554 0.372569
1.51688 0.348951
1.51822 0.325326
1.51956 0.301696
1.5209 0.278061
1.52224 0.254421
1.52358 0.230777
1.52492 0.207129
1.52626 0.183477
1.5276 0.159823
1.52894 0.136165
1.53028 0.112505
1.53162 0.0888423
1.53296 0.0651783
1.5343 0.0415129
1.53564 0.0178465
1.53698 -0.0058206
1.53832 -0.0294879
1.53966 -0.0531552
1.541 -0.076822
1.54234 -0.100488
1.54368 -0.124153
1.54502 -0.147816
1.54636 -0.171477
1.5477 -0.195136
1.54904 -0.218793
1.55038 -0.242446
1.55172 -0.266096
1.55306 -0.289742
1.5544 -0.313384
1.55574 -0.337022
1.55708 -0.360654
1.55842 -0.384282
1.55976 -0.407903
1.5611 -0.431519
1.56244 -0.455128
1.56378 -0.478731
1.56512 -0.502327
1.56646 -0.525915
1.5678 -0.549495
1.56914 -0.573067
1.57048 -0.59663
1.57182 -0.620184
1.57316 -0.643729
1.5745 -0.667264
1.57584 -0.690788
1.57718 -0.714302
1.57852 -0.737806
1.57986 -0.761297
1.5812 -0.784777
1.58254 -0.808245
1.58388 -0.8317
1.58522 -0.855143
1.58656 -0.878572
1.5879 -0.901987
1.58924 -0.925388
1.59058 -0.948774
1.59192 -0.972145
1.59326 -0.995501
1.5946 -1.01884
1.59594 -1.04216
1.59728 -1.06547
1.59862 -1.08876
1.59996 -1.11203
1.6013 -1.13529
1.60264 -1.15852
1.60398 -1.18174
1.60532 -1.20494
1.60666 -1.22812
1.608 -1.25127
1.60934 -1.27441
1.61068 -1.29753
1.61202 -1.32062
1.61336 -1.3437
1.6147 -1.36675
1.61604 -1.38977
1.61738 -1.41278
1.61872 -1.43576
1.62006 -1.45871
1.6214 -1.48164
1.62274 -1.50455
1.62408 -1.52743
1.62542 -1.55028
1.62676 -1.57311
1.6281 -1.59591
1.62944 -1.61868
1.63078 -1.64142
1.63212 -1.66414
1.63346 -1.68682
1.6348 -1.70948
1.63614 -1.7321
1.63748 -1.7547
1.63882 -1.77726
1.64016 -1.79979
1.6415 -1.82229
1.64284 -1.84475
1.64418 -1.86719
1.64552 -1.88958
1.64686 -1.91195
1.6482 -1.93428
1.64954 -1.95657
1.65088 -1.97882
1.65222 -2.00104
1.65356 -2.02323
1.6549 -2.04537
1.65624 -2.06747
1.65758 -2.08954
1.65892 -2.11157
1.66026 -2.13355
1.6616 -2.1555
1.66294 -2.1774
1.66428 -2.19926
1.66562 -2.22108
1.66696 -2.24286
1.6683 -2.26459
1.66964 -2.28627
1.67098 -2.30791
1.67232 -2.32951
1.67366 -2.35106
1.675 -2.37256
1.67634 -2.39401
1.67768 -2.41542
1.67902 -2.43678
1.68036 -2.45808
1.6817 -2.47934
1.68304 -2.50054
1.68438 -2.5217
1.68572 -2.5428
1.68706 -2.56384
1.6884 -2.58484
1.68974 -2.60578
1.69108 -2.62666
1.69242 -2.64749
1.69376 -2.66826
1.6951 -2.68897
1.69644 -2.70963
1.69778 -2.73023
1.69912 -2.75076
1.70046 -2.77124
1.7018 -2.79166
1.70314 -2.81201
1.70448 -2.83231
1.70582 -2.85254
1.70716 -2.8727
1.7085 -2.8928
1.70984 -2.91284
1.71118 -2.93281
1.71252 -2.95271
1.71386 -2.97255
1.7152 -2.99231
1.71654 -3.01201
1.71788 -3.03164
1.71922 -3.05119
1.72056 -3.07068
1.7219 -3.09009
1.72324 -3.10943
1.72458 -3.1287
1.72592 -3.14789
1.72726 -3.16701
1.7286 -3.18605
1.72994 -3.20501
1.73128 -3.22389
1.73262 -3.2427
1.73396 -3.26143
1.7353 -3.28007
1.73664 -3.29864
1.73798 -3.31712
1.73932 -3.33552
1.74066 -3.35384
1.742 -3.37207
1.74334 -3.39022
1.74468 -3.40828
1.74602 -3.42626
1.74736 -3.44415
1.7487 -3.46194
1.75004 -3.47965
1.75138 -3.49727
1.75272 -3.5148
1.75406 -3.53224
1.7554 -3.54958
1.75674 -3.56683
1.75808 -3.58398
1.75942 -3.60104
1.76076 -3.61801
1.7621 -3.63488
1.76344 -3.65164
1.76478 -3.66831
1.76612 -3.68489
1.76746 -3.70136
1.7688 -3.71772
1.77014 -3.73399
1.77148 -3.75016
1.77282 -3.76622
1.77416 -3.78217
1.7755 -3.79802
1.77684 -3.81376
1.77818 -3.8294
1.77952 -3.84493
1.78086 -3.86035
1.7822 -3.87566
1.78354 -3.89086
1.78488 -3.90595
1.78622 -3.92092
1.78756 -3.93578
1.7889 -3.95053
1.79024 -3.96516
1.79158 -3.97968
1.79292 -3.99408
1.79426 -4.00837
1.7956 -4.02253
1.79694 -4.03658
1.79828 -4.05051
1.79962 -4.06431
1.80096 -4.078
1.8023 -4.09156
1.80364 -4.105
1.80498 -4.11831
1.80632 -4.1315
1.80766 -4.14457
1.809 -4.15751
1.81034 -4.17032
1.81168 -4.183
1.81302 -4.19556
1.81436 -4.20798
1.8157 -4.22028
1.81704 -4.23244
1.81838 -4.24448
1.81972 -4.25638
1.82106 -4.26814
1.8224 -4.27977
1.82374 -4.29127
1.82508 -4.30263
1.82642 -4.31386
1.82776 -4.32495
1.8291 -4.3359
1.83044 -4.34671
1.83178 -4.35738
1.83312 -4.36791
1.83446 -4.37831
1.8358 -4.38856
1.83714 -4.39867
1.83848 -4.40863
1.83982 -4.41846
1.84116 -4.42813
1.8425 -4.43767
1.84384 -4.44706
1.84518 -4.4563
1.84652 -4.46539
1.84786 -4.47434
1.8492 -4.48314
1.85054 -4.4918
1.85188 -4.5003
1.85322 -4.50865
1.85456 -4.51685
1.8559 -4.52491
1.85724 -4.53281
1.85858 -4.54056
1.85992 -4.54815
1.86126 -4.5556
1.8626 -4.56288
1.86394 -4.57002
1.86528 -4.577
1.86662 -4.58383
1.86796 -4.5905
1.8693 -4.59701
1.87064 -4.60337
1.87198 -4.60957
1.87332 -4.61561
1.87466 -4.62149
1.876 -4.62722
1.87734 -4.63278
1.87868 -4.63819
1.88002 -4.64344
1.88136 -4.64853
1.8827 -4.65346
1.88404 -4.65822
1.88538 -4.66283
1.88672 -4.66727
1.88806 -4.67156
1.8894 -4.67568
1.89074 -4.67963
1.89208 -4.68343
1.89342 -4.68706
1.89476 -4.69053
1.8961 -4.69383
1.89744 -4.69698
1.89878 -4.69995
1.90012 -4.70277
1.90146 -4.70541
1.9028 -4.7079
1.90414 -4.71022
1.90548 -4.71237
1.90682 -4.71436
1.90816 -4.71618
1.9095 -4.71784
1.91084 -4.71933
1.91218 -4.72066
1.91352 -4.72182
1.91486 -4.72281
1.9162 -4.72364
1.91754 -4.7243
1.91888 -4.7248
1.92022 -4.72513
1.92156 -4.72529
1.9229 -4.72529
1.92424 -4.72512
1.92558 -4.72478
1.92692 -4.72428
1.92826 -4.72361
1.9296 -4.72278
1.93094 -4.72178
1.93228 -4.72061
1.93362 -4.71928
1.93496 -4.71778
1.9363 -4.71611
1.93764 -4.71428
1.93898 -4.71229
1.94032 -4.71013
1.94166 -4.7078
1.943 -4.70531
1.94434 -4.70265
1.94568 -4.69983
1.94702 -4.69685
1.94836 -4.6937
1.9497 -4.69038
1.95104 -4.68691
1.95238 -4.68327
1.95372 -4.67946
1.95506 -4.67549
1.9564 -4.67136
1.95774 -4.66707
1.95908 -4.66262
1.96042 -4.658
1.96176 -4.65322
1.9631 -4.64829
1.96444 -4.64319
1.96578 -4.63793
1.96712 -4.63251
1.96846 -4.62693
1.9698 -4.62119
1.97114 -4.61529
1.97248 -4.60923
1.97382 -4.60302
1.97516 -4.59665
1.9765 -4.59012
1.97784 -4.58344
1.97918 -4.57659
1.98052 -4.5696
1.98186 -4.56245
1.9832 -4.55514
1.98454 -4.54768
1.98588 -4.54007
1.98722 -4.5323
1.98856 -4.52438
1.9899 -4.51631
1.99124 -4.50809
1.99258 -4.49971
1.99392 -4.49119
1.99526 -4.48251
1.9966 -4.47369
1.99794 -4.46472
1.99928 -4.4556
2.00062 -4.44634
2.00196 -4.43692
2.0033 -4.42737
2.00464 -4.41766
2.00598 -4.40781
2.00732 -4.39782
2.00866 -4.38769
2.01 -4.37741
2.01134 -4.36699
2.01268 -4.35643
2.01402 -4.34573
2.01536 -4.33488
2.0167 -4.3239
2.01804 -4.31278
2.01938 -4.30153
2.02072 -4.29013
2.02206 -4.2786
2.0234 -4.26694
2.02474 -4.25514
2.02608 -4.2432
2.02742 -4.23114
2.02876 -4.21894
2.0301 -4.20661
2.03144 -4.19414
2.03278 -4.18155
2.03412 -4.16883
2.03546 -4.15598
2.0368 -4.143
2.03814 -4.1299
2.03948 -4.11667
2.04082 -4.10331
2.04216 -4.08983
2.0435 -4.07622
2.04484 -4.0625
2.04618 -4.04865
2.04752 -4.03467
2.04886 -4.02058
2.0502 -4.00637
2.05154 -3.99204
2.05288 -3.97759
2.05422 -3.96303
2.05556 -3.94835
2.0569 -3.93355
2.05824 -3.91864
2.05958 -3.90361
2.06092 -3.88848
2.06226 -3.87323
2.0636 -3.85786
2.06494 -3.84239
2.06628 -3.82681
2.06762 -3.81112
2.06896 -3.79532
2.0703 -3.77942
2.07164 -3.76341
2.07298 -3.74729
2.07432 -3.73107
2.07566 -3.71475
2.077 -3.69832
2.07834 -3.68179
2.07968 -3.66516
2.08102 -3.64843
2.08236 -3.6316
2.0837 -3.61468
2.08504 -3.59765
2.08638 -3.58053
2.08772 -3.56331
2.08906 -3.546
2.0904 -3.52859
2.09174 -3.51109
2.09308 -3.4935
2.09442 -3.47582
2.09576 -3.45804
2.0971 -3.44018
2.09844 -3.42222
2.09978 -3.40418
2.10112 -3.38605
2.10246 -3.36783
2.1038 -3.34953
2.10514 -3.33115
2.10648 -3.31267
2.10782 -3.29412
2.10916 -3.27548
2.1105 -3.25677
2.11184 -3.23797
2.11318 -3.21909
2.11452 -3.20013
2.11586 -3.18109
2.1172 -3.16198
2.11854 -3.14279
2.11988 -3.12352
2.12122 -3.10418
2.12256 -3.08477
2.1239 -3.06528
2.12524 -3.04571
2.12658 -3.02608
2.12792 -3.00638
2.12926 -2.9866
2.1306 -2.96675
2.13194 -2.94684
2.13328 -2.92686
2.13462 -2.90681
2.13596 -2.88669
2.1373 -2.86651
2.13864 -2.84627
2.13998 -2.82595
2.14132 -2.80558
2.14266 -2.78514
2.144 -2.76464
2.14534 -2.74408
2.14668 -2.72346
2.14802 -2.70278
2.14936 -2.68204
2.1507 -2.66124
2.15204 -2.64039
2.15338 -2.61947
2.15472 -2.59851
2.15606 -2.57748
2.1574 -2.5564
2.15874 -2.53527
2.16008 -2.51408
2.16142 -2.49284
2.16276 -2.47155
2.1641 -2.4502
2.16544 -2.42881
2.16678 -2.40737
2.16812 -2.38587
2.16946 -2.36433
2.1708 -2.34274
2.17214 -2.3211
2.17348 -2.29941
2.17482 -2.27768
2.17616 -2.25591
2.1775 -2.23408
2.17884 -2.21222
2.18018 -2.19031
2.18152 -2.16836
2.18286 -2.14636
2.1842 -2.12432
2.18554 -2.10224
2.18688 -2.08013
2.18822 -2.05797
2.18956 -2.03577
2.1909 -2.01353
2.19224 -1.99125
2.19358 -1.96894
2.19492 -1.94659
2.19626 -1.9242
2.1976 -1.90178
2.19894 -1.87932
2.20028 -1.85683
2.20162 -1.8343
2.20296 -1.81174
2.2043 -1.78914
2.20564 -1.76652
2.20698 -1.74386
2.20832 -1.72117
2.20966 -1.69844
2.211 -1.67569
2.21234 -1.65291
2.21368 -1.6301
2.21502 -1.60726
2.21636 -1.58439
2.2177 -1.56149
2.21904 -1.53856
2.22038 -1.51561
2.22172 -1.49263
2.22306 -1.46963
2.2244 -1.4466
2.22574 -1.42354
2.22708 -1.40046
2.22842 -1.37736
2.22976 -1.35423
2.2311 -1.33108
2.23244 -1.3079
2.23378 -1.28471
2.23512 -1.26149
2.23646 -1.23825
2.2378 -1.21499
2.23914 -1.19171
2.24048 -1.16841
2.24182 -1.14509
2.24316 -1.12175
2.2445 -1.09839
2.24584 -1.07502
2.24718 -1.05162
2.24852 -1.02821
2.24986 -1.00478
2.2512 -0.981337
2.25254 -0.957876
2.25388 -0.9344
2.25522 -0.910908
2.25656 -0.887401
2.2579 -0.86388
2.25924 -0.840345
2.26058 -0.816796
2.26192 -0.793234
2.26326 -0.769659
2.2646 -0.746071
2.26594 -0.722472
2.26728 -0.69886
2.26862 -0.675238
2.26996 -0.651604
2.2713 -0.62796
2.27264 -0.604306
2.27398 -0.580643
2.27532 -0.556969
2.27666 -0.533287
2.278 -0.509597
2.27934 -0.485898
2.28068 -0.462191
2.28202 -0.438477
2.28336 -0.414755
2.2847 -0.391027
2.28604 -0.367293
2.28738 -0.343553
2.28872 -0.319807
2.29006 -0.296055
2.2914 -0.272299
2.29274 -0.248539
2.29408 -0.224774
2.29542 -0.201005
2.29676 -0.177233
2.2981 -0.153458
2.29944 -0.129681
2.30078 -0.105901
2.30212 -0.0821186
2.30346 -0.058335
2.3048 -0.0345501
2.30614 -0.0107644
2.30748 0.0130219
2.30882 0.0368083
2.31016 0.0605946
2.3115 0.0843803
2.31284 0.108165
2.31418 0.131948
2.31552 0.15573
2.31686 0.17951
2.3182 0.203288
2.31954 0.227062
2.32088 0.250834
2.32222 0.274602
2.32356 0.298367
2.3249 0.322127
2.32624 0.345882
2.32758 0.369633
2.32892 0.393379
2.33026 0.417119
2.3316 0.440852
2.33294 0.46458
2.33428 0.4883
2.33562 0.512014
2.33696 0.53572
2.3383 0.559418
2.33964 0.583108
2.34098 0.606789
2.34232 0.630461
2.34366 0.654124
2.345 0.677777
2.34634 0.70142
2.34768 0.725053
2.34902 0.748674
2.35036 0.772284
2.3517 0.795883
2.35304 0.819469
2.35438 0.843043
2.35572 0.866603
2.35706 0.890151
2.3584 0.913685
2.35974 0.937205
2.36108 0.96071
2.36242 0.9842
2.36376 1.00768
2.3651 1.03113
2.36644 1.05458
2.36778 1.078
2.36912 1.10141
2.37046 1.12481
2.3718 1.14818
2.37314 1.17154
2.37448 1.19487
2.37582 1.21819
2.37716 1.24149
2.3785 1.26477
2.37984 1.28802
2.38118 1.31126
2.38252 1.33448
2.38386 1.35767
2.3852 1.38084
2.38654 1.40399
2.38788 1.42712
2.38922 1.45022
2.39056 1.47329
2.3919 1.49635
2.39324 1.51937
2.39458 1.54238
2.39592 1.56535
2.39726 1.5883
2.3986 1.61122
2.39994 1.63412
2.40128 1.65698
2.40262 1.67982
2.40396 1.70263
2.4053 1.72541
2.40664 1.74816
2.40798 1.77088
2.40932 1.79357
2.41066 1.81622
2.412 1.83884
2.41334 1.86143
2.41468 1.88399
2.41602 1.90652
2.41736 1.929
2.4187 1.95146
2.42004 1.97388
2.42138 1.99626
2.42272 2.0186
2.42406 2.04091
2.4254 2.06318
2.42674 2.08541
2.42808 2.10761
2.42942 2.12976
2.43076 2.15187
2.4321 2.17395
2.43344 2.19598
2.43478 2.21797
2.43612 2.23991
2.43746 2.26182
2.4388 2.28368
2.44014 2.30549
2.44148 2.32726
2.44282 2.34899
2.44416 2.37067
2.4455 2.3923
2.44684 2.41388
2.44818 2.43542
2.44952 2.4569
2.45086 2.47834
2.4522 2.49972
2.45354 2.52106
2.45488 2.54234
2.45622 2.56358
2.45756 2.58475
2.4589 2.60588
2.46024 2.62695
2.46158 2.64796
2.46292 2.66892
2.46426 2.68983
2.4656 2.71067
2.46694 2.73146
2.46828 2.75219
2.46962 2.77286
2.47096 2.79347
2.4723 2.81402
2.47364 2.83451
2.47498 2.85493
2.47632 2.8753
2.47766 2.89559
2.479 2.91583
2.48034 2.936
2.48168 2.9561
2.48302 2.97614
2.48436 2.99611
2.4857 3.01601
2.48704 3.03584
2.48838 3.0556
2.48972 3.07529
2.49106 3.09491
2.4924 3.11445
2.49374 3.13393
2.49508 3.15333
2.49642 3.17265
2.49776 3.1919
2.4991 3.21108
2.50044 3.23017
2.50178 3.24919
2.50312 3.26813
2.50446 3.28699
2.5058 3.30577
2.50714 3.32447
2.50848 3.34309
2.50982 3.36163
2.51116 3.38008
2.5125 3.39844
2.51384 3.41672
2.51518 3.43492
2.51652 3.45303
2.51786 3.47105
2.5192 3.48898
2.52054 3.50682
2.52188 3.52457
2.52322 3.54223
2.52456 3.5598
2.5259 3.57728
2.52724 3.59466
2.52858 3.61194
2.52992 3.62914
2.53126 3.64623
2.5326 3.66323
2.53394 3.68013
2.53528 3.69693
2.53662 3.71363
2.53796 3.73023
2.5393 3.74673
2.54064 3.76313
2.54198 3.77942
2.54332 3.79561
2.54466 3.81169
2.546 3.82767
2.54734 3.84354
2.54868 3.85931
2.55002 3.87496
2.55136 3.89051
2.5527 3.90595
2.55404 3.92127
2.55538 3.93648
2.55672 3.95159
2.55806 3.96657
2.5594 3.98145
2.56074 3.9962
2.56208 4.01084
2.56342 4.02537
2.56476 4.03977
2.5661 4.05406
2.56744 4.06823
2.56878 4.08228
2.57012 4.09621
2.57146 4.11001
2.5728 4.12369
2.57414 4.13725
2.57548 4.15068
2.57682 4.16399
2.57816 4.17717
2.5795 4.19023
2.58084 4.20316
2.58218 4.21596
2.58352 4.22863
2.58486 4.24116
2.5862 4.25357
2.58754 4.26585
2.58888 4.27799
2.59022 4.29
2.59156 4.30188
2.5929 4.31362
2.59424 4.32523
2.59558 4.3367
2.59692 4.34803
2.59826 4.35923
2.5996 4.37028
2.60094 4.3812
2.60228 4.39198
2.60362 4.40261
2.60496 4.41311
2.6063 4.42346
2.60764 4.43367
2.60898 4.44373
2.61032 4.45366
2.61166 4.46343
2.613 4.47306
2.61434 4.48255
2.61568 4.49189
2.61702 4.50108
2.61836 4.51012
2.6197 4.51901
2.62104 4.52775
2.62238 4.53635
2.62372 4.54479
2.62506 4.55308
2.6264 4.56122
2.62774 4.56921
2.62908 4.57704
2.63042 4.58472
2.63176 4.59225
2.6331 4.59962
2.63444 4.60683
2.63578 4.61389
2.63712 4.6208
2.63846 4.62754
2.6398 4.63413
2.64114 4.64057
2.64248 4.64684
2.64382 4.65295
2.64516 4.65891
2.6465 4.66471
2.64784 4.67034
2.64918 4.67582
2.65052 4.68113
2.65186 4.68629
2.6532 4.69128
2.65454 4.69611
2.65588 4.70078
2.65722 4.70528
2.65856 4.70962
2.6599 4.7138
2.66124 4.71782
2.66258 4.72167
2.66392 4.72535
2.66526 4.72888
2.6666 4.73223
2.66794 4.73542
2.66928 4.73845
2.67062 4.74131
2.67196 4.74401
2.6733 4.74654
2.67464 4.7489
2.67598 4.75109
2.67732 4.75312
2.67866 4.75499
2.68 4.75668
2.68134 4.75821
2.68268 4.75957
2.68402 4.76077
2.68536 4.7618
2.6867 4.76266
2.68804 4.76335
2.68938 4.76387
2.69072 4.76423
2.69206 4.76442
2.6934 4.76444
2.69474 4.76429
2.69608 4.76398
2.69742 4.7635
2.69876 4.76285
2.7001 4.76203
2.70144 4.76105
2.70278 4.7599
2.70412 4.75858
2.70546 4.75709
2.7068 4.75544
2.70814 4.75362
2.70948 4.75163
2.71082 4.74948
2.71216 4.74716
2.7135 4.74467
2.71484 4.74202
2.71618 4.7392
2.71752 4.73621
2.71886 4.73306
2.7202 4.72975
2.72154 4.72627
2.72288 4.72262
2.72422 4.71881
2.72556 4.71483
2.7269 4.71069
2.72824 4.70639
2.72958 4.70192
2.73092 4.69729
2.73226 4.6925
2.7336 4.68755
2.73494 4.68243
2.73628 4.67715
2.73762 4.67171
2.73896 4.66611
2.7403 4.66035
2.74164 4.65442
2.74298 4.64834
2.74432 4.6421
2.74566 4.6357
2.747 4.62915
2.74834 4.62243
2.74968 4.61556
2.75102 4.60853
2.75236 4.60134
2.7537 4.594
2.75504 4.5865
2.75638 4.57885
2.75772 4.57104
2.75906 4.56308
2.7604 4.55497
2.76174 4.5467
2.76308 4.53829
2.76442 4.52972
2.76576 4.521
2.7671 4.51213
2.76844 4.50311
2.76978 4.49394
2.77112 4.48462
2.77246 4.47515
2.7738 4.46554
2.77514 4.45578
2.77648 4.44588
2.77782 4.43583
2.77916 4.42564
2.7805 4.4153
2.78184 4.40482
2.78318 4.3942
2.78452 4.38343
2.78586 4.37253
2.7872 4.36148
2.78854 4.3503
2.78988 4.33898
2.79122 4.32751
2.79256 4.31592
2.7939 4.30418
2.79524 4.29231
2.79658 4.28031
2.79792 4.26817
2.79926 4.25589
2.8006 4.24349
2.80194 4.23095
2.80328 4.21828
2.80462 4.20548
2.80596 4.19255
2.8073 4.1795
2.80864 4.16631
2.80998 4.153
2.81132 4.13956
2.81266 4.126
2.814 4.11231
2.81534 4.0985
2.81668 4.08457
2.81802 4.07051
2.81936 4.05633
2.8207 4.04204
2.82204 4.02762
2.82338 4.01308
2.82472 3.99843
2.82606 3.98366
2.8274 3.96877
2.82874 3.95377
2.83008 3.93865
2.83142 3.92342
2.83276 3.90808
2.8341 3.89262
2.83544 3.87705
2.83678 3.86138
2.83812 3.84559
2.83946 3.8297
2.8408 3.8137
2.84214 3.79759
2.84348 3.78137
2.84482 3.76506
2.84616 3.74863
2.8475 3.73211
2.84884 3.71548
2.85018 3.69875
2.85152 3.68192
2.85286 3.66499
2.8542 3.64796
2.85554 3.63083
2.85688 3.6136
2.85822 3.59628
2.85956 3.57887
2.8609 3.56135
2.86224 3.54375
2.86358 3.52605
2.86492 3.50826
2.86626 3.49038
2.8676 3.47241
2.86894 3.45435
2.87028 3.4362
2.87162 3.41796
2.87296 3.39964
2.8743 3.38123
2.87564 3.36273
2.87698 3.34415
2.87832 3.32549
2.87966 3.30674
2.881 3.28792
2.88234 3.26901
2.88368 3.25002
2.88502 3.23095
2.88636 3.2118
2.8877 3.19258
2.88904 3.17328
2.89038 3.1539
2.89172 3.13445
2.89306 3.11492
2.8944 3.09532
2.89574 3.07564
2.89708 3.0559
2.89842 3.03608
2.89976 3.01619
2.9011 2.99623
2.90244 2.97621
2.90378 2.95611
2.90512 2.93595
2.90646 2.91572
2.9078 2.89542
2.90914 2.87506
2.91048 2.85464
2.91182 2.83415
2.91316 2.8136
2.9145 2.79299
2.91584 2.77231
2.91718 2.75158
2.91852 2.73078
2.91986 2.70993
2.9212 2.68901
2.92254 2.66804
2.92388 2.64702
2.92522 2.62593
2.92656 2.60479
2.9279 2.5836
2.92924 2.56235
2.93058 2.54105
2.93192 2.51969
2.93326 2.49828
2.9346 2.47683
2.93594 2.45532
2.93728 2.43376
2.93862 2.41215
2.93996 2.39049
2.9413 2.36878
2.94264 2.34703
2.94398 2.32523
2.94532 2.30338
2.94666 2.28149
2.948 2.25956
2.94934 2.23757
2.95068 2.21555
2.95202 2.19348
2.95336 2.17137
2.9547 2.14922
2.95604 2.12703
2.95738 2.10479
2.95872 2.08252
2.96006 2.0602
2.9614 2.03785
2.96274 2.01546
2.96408 1.99303
2.96542 1.97057
2.96676 1.94807
2.9681 1.92553
2.96944 1.90296
2.97078 1.88035
2.97212 1.85771
2.97346 1.83503
2.9748 1.81232
2.97614 1.78958
2.97748 1.76681
2.97882 1.744
2.98016 1.72117
2.9815 1.6983
2.98284 1.6754
2.98418 1.65248
2.98552 1.62952
2.98686 1.60654
2.9882 1.58353
2.98954 1.56049
2.99088 1.53742
2.99222 1.51433
2.99356 1.49121
2.9949 1.46806
2.99624 1.4449
2.99758 1.4217
2.99892 1.39848
3.00026 1.37524
3.0016 1.35198
3.00294 1.32869
3.00428 1.30538
3.00562 1.28205
3.00696 1.2587
3.0083 1.23532
3.00964 1.21193
3.01098 1.18852
3.01232 1.16508
3.01366 1.14163
3.015 1.11816
3.01634 1.09467
3.01768 1.07116
3.01902 1.04764
3.02036 1.0241
3.0217 1.00054
3.02304 0.976966
3.02438 0.953377
3.02572 0.929771
3.02706 0.906151
3.0284 0.882517
3.02974 0.858868
3.03108 0.835206
3.03242 0.81153
3.03376 0.787842
3.0351 0.764141
3.03644 0.740428
3.03778 0.716703
3.03912 0.692967
3.04046 0.66922
3.0418 0.645462
3.04314 0.621694
3.04448 0.597917
3.04582 0.574129
3.04716 0.550333
3.0485 0.526528
3.04984 0.502715
3.05118 0.478894
3.05252 0.455065
3.05386 0.43123
3.0552 0.407387
3.05654 0.383538
3.05788 0.359682
3.05922 0.335821
3.06056 0.311955
3.0619 0.288084
3.06324 0.264208
3.06458 0.240327
3.06592 0.216443
3.06726 0.192555
3.0686 0.168664
3.06994 0.14477
3.07128 0.120874
3.07262 0.0969751
3.07396 0.0730747
3.0753 0.0491728
3.07664 0.0252699
3.07798 0.00136628
3.07932 -0.0225377
3.08066 -0.0464418
3.082 -0.0703455
3.08334 -0.0942485
3.08468 -0.11815
3.08602 -0.142051
3.08736 -0.16595
3.0887 -0.189847
3.09004 -0.213741
3.09138 -0.237632
3.09272 -0.26152
3.09406 -0.285405
3.0954 -0.309286
3.09674 -0.333163
3.09808 -0.357035
3.09942 -0.380901
3.10076 -0.404763
3.1021 -0.428619
3.10344 -0.452469
3.10478 -0.476312
3.10612 -0.500149
3.10746 -0.523979
3.1088 -0.5478
3.11014 -0.571615
3.11148 -0.59542
3.11282 -0.619218
3.11416 -0.643006
3.1155 -0.666784
3.11684 -0.690553
3.11818 -0.714312
3.11952 -0.73806
3.12086 -0.761798
3.1222 -0.785524
3.12354 -0.809238
3.12488 -0.832941
3.12622 -0.856631
3.12756 -0.880308
3.1289 -0.903971
3.13024 -0.927621
3.13158 -0.951257
3.13292 -0.974879
3.13426 -0.998486
3.1356 -1.02208
3.13694 -1.04565
3.13828 -1.06921
3.13962 -1.09276
3.14096 -1.11628
3.1423 -1.13979
3.14364 -1.16328
3.14498 -1.18675
3.14632 -1.21021
3.14766 -1.23364
3.149 -1.25706
3.15034 -1.28046
3.15168 -1.30383
3.15302 -1.32719
3.15436 -1.35052
3.1557 -1.37383
3.15704 -1.39712
3.15838 -1.42039
3.15972 -1.44363
3.16106 -1.46685
3.1624 -1.49005
3.16374 -1.51322
3.16508 -1.53636
3.16642 -1.55949
3.16776 -1.58258
3.1691 -1.60565
3.17044 -1.62869
3.17178 -1.6517
3.17312 -1.67469
3.17446 -1.69765
3.1758 -1.72058
3.17714 -1.74348
3.17848 -1.76635
3.17982 -1.78919
3.18116 -1.81199
3.1825 -1.83477
3.18384 -1.85751
3.18518 -1.88023
3.18652 -1.9029
3.18786 -1.92555
3.1892 -1.94816
3.19054 -1.97073
3.19188 -1.99328
3.19322 -2.01578
3.19456 -2.03825
3.1959 -2.06068
3.19724 -2.08307
3.19858 -2.10543
3.19992 -2.12774
3.20126 -2.15002
3.2026 -2.17226
3.20394 -2.19445
3.20528 -2.21661
3.20662 -2.23872
3.20796 -2.26079
3.2093 -2.28282
3.21064 -2.3048
3.21198 -2.32674
3.21332 -2.34864
3.21466 -2.37048
3.216 -2.39229
3.21734 -2.41404
3.21868 -2.43575
3.22002 -2.45741
3.22136 -2.47902
3.2227 -2.50059
3.22404 -2.5221
3.22538 -2.54356
3.22672 -2.56497
3.22806 -2.58633
3.2294 -2.60763
3.23074 -2.62888
3.23208 -2.65008
3.23342 -2.67122
3.23476 -2.69231
3.2361 -2.71334
3.23744 -2.73431
3.23878 -2.75522
3.24012 -2.77608
3.24146 -2.79688
3.2428 -2.81761
3.24414 -2.83829
3.24548 -2.85891
3.24682 -2.87946
3.24816 -2.89995
3.2495 -2.92037
3.25084 -2.94074
3.25218 -2.96103
3.25352 -2.98126
3.25486 -3.00143
3.2562 -3.02152
3.25754 -3.04155
3.25888 -3.06151
3.26022 -3.0814
3.26156 -3.10121
3.2629 -3.12096
3.26424 -3.14064
3.26558 -3.16024
3.26692 -3.17976
3.26826 -3.19922
3.2696 -3.21859
3.27094 -3.2379
3.27228 -3.25712
3.27362 -3.27627
3.27496 -3.29533
3.2763 -3.31432
3.27764 -3.33323
3.27898 -3.35205
3.28032 -3.3708
3.28166 -3.38946
3.283 -3.40804
3.28434 -3.42653
3.28568 -3.44494
3.28702 -3.46326
3.28836 -3.48149
3.2897 -3.49964
3.29104 -3.51769
3.29238 -3.53566
3.29372 -3.55354
3.29506 -3.57132
3.2964 -3.58902
3.29774 -3.60662
3.29908 -3.62412
3.30042 -3.64153
3.30176 -3.65885
3.3031 -3.67607
3.30444 -3.69319
3.30578 -3.71021
3.30712 -3.72713
3.30846 -3.74396
3.3098 -3.76068
3.31114 -3.7773
3.31248 -3.79382
3.31382 -3.81023
3.31516 -3.82654
3.3165 -3.84274
3.31784 -3.85884
3.31918 -3.87483
3.32052 -3.89072
3.32186 -3.90649
3.3232 -3.92216
3.32454 -3.93771
3.32588 -3.95315
3.32722 -3.96848
3.32856 -3.9837
3.3299 -3.9988
3.33124 -4.01379
3.33258 -4.02866
3.33392 -4.04342
3.33526 -4.05806
3.3366 -4.07257
3.33794 -4.08698
3.33928 -4.10126
3.34062 -4.11541
3.34196 -4.12945
3.3433 -4.14337
3.34464 -4.15716
3.34598 -4.17083
3.34732 -4.18437
3.34866 -4.19778
3.35 -4.21107
3.35134 -4.22423
3.35268 -4.23727
3.35402 -4.25017
3.35536 -4.26294
3.3567 -4.27559
3.35804 -4.2881
3.35938 -4.30048
3.36072 -4.31272
3.36206 -4.32483
3.3634 -4.33681
3.36474 -4.34865
3.36608 -4.36035
3.36742 -4.37192
3.36876 -4.38335
3.3701 -4.39464
3.37144 -4.40579
3.37278 -4.4168
3.37412 -4.42767
3.37546 -4.4384
3.3768 -4.44898
3.37814 -4.45943
3.37948 -4.46973
3.38082 -4.47988
3.38216 -4.48989
3.3835 -4.49975
3.38484 -4.50947
3.38618 -4.51904
3.38752 -4.52846
3.38886 -4.53773
3.3902 -4.54685
3.39154 -4.55583
3.39288 -4.56465
3.39422 -4.57332
3.39556 -4.58184
3.3969 -4.59021
3.39824 -4.59842
3.39958 -4.60648
3.40092 -4.61439
3.40226 -4.62214
3.4036 -4.62973
3.40494 -4.63718
3.40628 -4.64446
3.40762 -4.65159
3.40896 -4.65856
3.4103 -4.66537
3.41164 -4.67202
3.41298 -4.67852
3.41432 -4.68485
3.41566 -4.69103
3.417 -4.69704
3.41834 -4.70289
3.41968 -4.70859
3.42102 -4.71412
3.42236 -4.71949
3.4237 -4.72469
3.42504 -4.72973
3.42638 -4.73461
3.42772 -4.73933
3.42906 -4.74388
3.4304 -4.74827
3.43174 -4.75249
3.43308 -4.75655
3.43442 -4.76045
3.43576 -4.76417
3.4371 -4.76773
3.43844 -4.77113
3.43978 -4.77436
3.44112 -4.77742
3.44246 -4.78032
3.4438 -4.78304
3.44514 -4.7856
3.44648 -4.788
3.44782 -4.79022
3.44916 -4.79228
3.4505 -4.79417
3.45184 -4.79589
3.45318 -4.79744
3.45452 -4.79883
3.45586 -4.80004
3.4572 -4.80109
3.45854 -4.80197
3.45988 -4.80267
3.46122 -4.80321
3.46256 -4.80359
3.4639 -4.80379
3.46524 -4.80382
3.46658 -4.80368
3.46792 -4.80338
3.46926 -4.8029
3.4706 -4.80226
3.47194 -4.80145
3.47328 -4.80047
3.47462 -4.79932
3.47596 -4.798
3.4773 -4.79651
3.47864 -4.79486
3.47998 -4.79303
3.48132 -4.79104
3.48266 -4.78888
3.484 -4.78655
3.48534 -4.78405
3.48668 -4.78139
3.48802 -4.77856
3.48936 -4.77556
3.4907 -4.77239
3.49204 -4.76906
3.49338 -4.76556
3.49472 -4.76189
3.49606 -4.75806
3.4974 -4.75406
3.49874 -4.7499
3.50008 -4.74557
3.50142 -4.74108
3.50276 -4.73642
3.5041 -4.7316
3.50544 -4.72662
3.50678 -4.72147
3.50812 -4.71616
3.50946 -4.71068
3.5108 -4.70505
3.51214 -4.69925
3.51348 -4.69329
3.51482 -4.68717
3.51616 -4.68089
3.5175 -4.67445
3.51884 -4.66785
3.52018 -4.66109
3.52152 -4.65417
3.52286 -4.64709
3.5242 -4.63986
3.52554 -4.63247
3.52688 -4.62492
3.52822 -4.61722
3.52956 -4.60936
3.5309 -4.60134
3.53224 -4.59318
3.53358 -4.58485
3.53492 -4.57638
3.53626 -4.56775
3.5376 -4.55897
3.53894 -4.55004
3.54028 -4.54096
3.54162 -4.53173
3.54296 -4.52235
3.5443 -4.51282
3.54564 -4.50314
3.54698 -4.49331
3.54832 -4.48334
3.54966 -4.47322
3.551 -4.46296
3.55234 -4.45255
3.55368 -4.442
3.55502 -4.4313
3.55636 -4.42046
3.5577 -4.40948
3.55904 -4.39836
3.56038 -4.3871
3.56172 -4.3757
3.56306 -4.36416
3.5644 -4.35248
3.56574 -4.34066
3.56708 -4.32871
3.56842 -4.31662
3.56976 -4.3044
3.5711 -4.29204
3.57244 -4.27955
3.57378 -4.26693
3.57512 -4.25417
3.57646 -4.24128
3.5778 -4.22827
3.57914 -4.21512
3.58048 -4.20184
3.58182 -4.18844
3.58316 -4.17491
3.5845 -4.16126
3.58584 -4.14747
3.58718 -4.13357
3.58852 -4.11954
3.58986 -4.10539
3.5912 -4.09111
3.59254 -4.07672
3.59388 -4.0622
3.59522 -4.04757
3.59656 -4.03282
3.5979 -4.01795
3.59924 -4.00296
3.60058 -3.98785
3.60192 -3.97264
3.60326 -3.9573
3.6046 -3.94186
3.60594 -3.9263
3.60728 -3.91063
3.60862 -3.89485
3.60996 -3.87896
3.6113 -3.86296
3.61264 -3.84685
3.61398 -3.83064
3.61532 -3.81431
3.61666 -3.79789
3.618 -3.78136
3.61934 -3.76472
3.62068 -3.74798
3.62202 -3.73114
3.62336 -3.7142
3.6247 -3.69716
3.62604 -3.68002
3.62738 -3.66278
3.62872 -3.64545
3.63006 -3.62802
3.6314 -3.61049
3.63274 -3.59286
3.63408 -3.57515
3.63542 -3.55734
3.63676 -3.53943
3.6381 -3.52144
3.63944 -3.50335
3.64078 -3.48518
3.64212 -3.46691
3.64346 -3.44856
3.6448 -3.43012
3.64614 -3.4116
3.64748 -3.39299
3.64882 -3.37429
3.65016 -3.35551
3.6515 -3.33665
3.65284 -3.31771
3.65418 -3.29868
3.65552 -3.27958
3.65686 -3.26039
3.6582 -3.24113
3.65954 -3.22178
3.66088 -3.20236
3.66222 -3.18287
3.66356 -3.1633
3.6649 -3.14365
3.66624 -3.12393
3.66758 -3.10414
3.66892 -3.08428
3.67026 -3.06434
3.6716 -3.04433
3.67294 -3.02426
3.67428 -3.00411
3.67562 -2.9839
3.67696 -2.96362
3.6783 -2.94327
3.67964 -2.92285
3.68098 -2.90238
3.68232 -2.88183
3.68366 -2.86122
3.685 -2.84055
3.68634 -2.81982
3.68768 -2.79903
3.68902 -2.77817
3.69036 -2.75726
3.6917 -2.73629
3.69304 -2.71525
3.69438 -2.69416
3.69572 -2.67302
3.69706 -2.65182
3.6984 -2.63056
3.69974 -2.60924
3.70108 -2.58788
3.70242 -2.56645
3.70376 -2.54498
3.7051 -2.52345
3.70644 -2.50188
3.70778 -2.48025
3.70912 -2.45857
3.71046 -2.43684
3.7118 -2.41507
3.71314 -2.39324
3.71448 -2.37137
3.71582 -2.34945
3.71716 -2.32749
3.7185 -2.30548
3.71984 -2.28342
3.72118 -2.26132
3.72252 -2.23918
3.72386 -2.217
3.7252 -2.19477
3.72654 -2.1725
3.72788 -2.15019
3.72922 -2.12784
3.73056 -2.10545
3.7319 -2.08302
3.73324 -2.06055
3.73458 -2.03804
3.73592 -2.01549
3.73726 -1.99291
3.7386 -1.97029
3.73994 -1.94764
3.74128 -1.92495
3.74262 -1.90223
3.74396 -1.87947
3.7453 -1.85668
3.74664 -1.83385
3.74798 -1.81099
3.74932 -1.7881
3.75066 -1.76518
3.752 -1.74223
3.75334 -1.71925
3.75468 -1.69624
3.75602 -1.67319
3.75736 -1.65012
3.7587 -1.62702
3.76004 -1.6039
3.76138 -1.58074
3.76272 -1.55756
3.76406 -1.53435
3.7654 -1.51112
3.76674 -1.48786
3.76808 -1.46458
3.76942 -1.44127
3.77076 -1.41794
3.7721 -1.39458
3.77344 -1.3712
3.77478 -1.3478
3.77612 -1.32438
3.77746 -1.30093
3.7788 -1.27747
3.78014 -1.25398
3.78148 -1.23047
3.78282 -1.20695
3.78416 -1.1834
3.7855 -1.15983
3.78684 -1.13625
3.78818 -1.11265
3.78952 -1.08903
3.79086 -1.06539
3.7922 -1.04173
3.79354 -1.01806
3.79488 -0.994375
3.79622 -0.970672
3.79756 -0.946954
3.7989 -0.923221
3.80024 -0.899473
3.80158 -0.875711
3.80292 -0.851936
3.80426 -0.828147
3.8056 -0.804346
3.80694 -0.780532
3.80828 -0.756705
3.80962 -0.732867
3.81096 -0.709018
3.8123 -0.685158
3.81364 -0.661287
3.81498 -0.637406
3.81632 -0.613515
3.81766 -0.589615
3.819 -0.565705
3.82034 -0.541787
3.82168 -0.51786
3.82302 -0.493926
3.82436 -0.469984
3.8257 -0.446034
3.82704 -0.422078
3.82838 -0.398115
3.82972 -0.374146
3.83106 -0.350171
3.8324 -0.32619
3.83374 -0.302205
3.83508 -0.278214
3.83642 -0.25422
3.83776 -0.230221
3.8391 -0.206219
3.84044 -0.182213
3.84178 -0.158204
3.84312 -0.134192
3.84446 -0.110179
3.8458 -0.086163
3.84714 -0.0621457
3.84848 -0.0381272
3.84982 -0.0141078
3.85116 0.00991225
3.8525 0.0339325
3.85384 0.0579525
3.85518 0.0819721
3.85652 0.105991
3.85786 0.130008
3.8592 0.154024
3.86054 0.178038
3.86188 0.20205
3.86322 0.22606
3.86456 0.250066
3.8659 0.274069
3.86724 0.298068
3.86858 0.322064
3.86992 0.346055
3.87126 0.370041
3.8726 0.394023
3.87394 0.417999
3.87528 0.441969
3.87662 0.465933
3.87796 0.48989
3.8793 0.513841
3.88064 0.537784
3.88198 0.56172
3.88332 0.585648
3.88466 0.609568
3.886 0.633479
3.88734 0.657381
3.88868 0.681274
3.89002 0.705156
3.89136 0.729029
3.8927 0.752891
3.89404 0.776742
3.89538 0.800582
3.89672 0.82441
3.89806 0.848227
3.8994 0.87203
3.90074 0.895821
3.90208 0.919599
3.90342 0.943363
3.90476 0.967113
3.9061 0.990849
3.90744 1.01457
3.90878 1.03827
3.91012 1.06196
3.91146 1.08564
3.9128 1.1093
3.91414 1.13294
3.91548 1.15656
3.91682 1.18017
3.91816 1.20375
3.9195 1.22732
3.92084 1.25087
3.92218 1.2744
3.92352 1.29791
3.92486 1.3214
3.9262 1.34487
3.92754 1.36832
3.92888 1.39175
3.93022 1.41515
3.93156 1.43854
3.9329 1.4619
3.93424 1.48523
3.93558 1.50854
3.93692 1.53183
3.93826 1.55509
3.9396 1.57833
3.94094 1.60154
3.94228 1.62473
3.94362 1.64789
3.94496 1.67102
3.9463 1.69412
3.94764 1.71719
3.94898 1.74024
3.95032 1.76326
3.95166 1.78624
3.953 1.8092
3.95434 1.83213
3.95568 1.85502
3.95702 1.87788
3.95836 1.90071
3.9597 1.92351
3.96104 1.94627
3.96238 1.969
3.96372 1.99169
3.96506 2.01435
3.9664 2.03698
3.96774 2.05956
3.96908 2.08211
3.97042 2.10463
3.97176 2.1271
3.9731 2.14954
3.97444 2.17193
3.97578 2.19429
3.97712 2.2166
3.97846 2.23888
3.9798 2.26111
3.98114 2.2833
3.98248 2.30545
3.98382 2.32756
3.98516 2.34962
3.9865 2.37163
3.98784 2.3936
3.98918 2.41553
3.99052 2.4374
3.99186 2.45923
3.9932 2.48102
3.99454 2.50275
3.99588 2.52443
3.99722 2.54607
3.99856 2.56765
3.9999 2.58918
4.00124 2.61066
4.00258 2.63209
4.00392 2.65346
4.00526 2.67478
4.0066 2.69604
4.00794 2.71725
4.00928 2.7384
4.01062 2.7595
4.01196 2.78054
4.0133 2.80151
4.01464 2.82243
4.01598 2.84329
4.01732 2.86409
4.01866 2.88483
4.02 2.90551
4.02134 2.92612
4.02268 2.94667
4.02402 2.96715
4.02536 2.98757
4.0267 3.00792
4.02804 3.02821
4.02938 3.04843
4.03072 3.06858
4.03206 3.08866
4.0334 3.10867
4.03474 3.12861
4.03608 3.14848
4.03742 3.16828
4.03876 3.188
4.0401 3.20765
4.04144 3.22723
4.04278 3.24673
4.04412 3.26615
4.04546 3.2855
4.0468 3.30477
4.04814 3.32395
4.04948 3.34306
4.05082 3.36209
4.05216 3.38104
4.0535 3.39991
4.05484 3.41869
4.05618 3.43739
4.05752 3.456
4.05886 3.47453
4.0602 3.49297
4.06154 3.51132
4.06288 3.52959
4.06422 3.54776
4.06556 3.56585
4.0669 3.58385
4.06824 3.60175
4.06958 3.61956
4.07092 3.63728
4.07226 3.65491
4.0736 3.67243
4.07494 3.68987
4.07628 3.7072
4.07762 3.72444
4.07896 3.74158
4.0803 3.75862
4.08164 3.77556
4.08298 3.7924
4.08432 3.80913
4.08566 3.82576
4.087 3.84229
4.08834 3.85872
4.08968 3.87503
4.09102 3.89125
4.09236 3.90735
4.0937 3.92334
4.09504 3.93923
4.09638 3.95501
4.09772 3.97067
4.09906 3.98622
4.1004 4.00166
4.10174 4.01699
4.10308 4.0322
4.10442 4.0473
4.10576 4.06228
4.1071 4.07714
4.10844 4.09188
4.10978 4.10651
4.11112 4.12101
4.11246 4.1354
4.1138 4.14966
4.11514 4.1638
4.11648 4.17782
4.11782 4.19171
4.11916 4.20548
4.1205 4.21912
4.12184 4.23264
4.12318 4.24603
4.12452 4.25929
4.12586 4.27242
4.1272 4.28542
4.12854 4.29829
4.12988 4.31103
4.13122 4.32363
4.13256 4.3361
4.1339 4.34844
4.13524 4.36065
4.13658 4.37271
4.13792 4.38464
4.13926 4.39644
4.1406 4.40809
4.14194 4.41961
4.14328 4.43099
4.14462 4.44222
4.14596 4.45332
4.1473 4.46427
4.14864 4.47508
4.14998 4.48575
4.15132 4.49628
4.15266 4.50665
4.154 4.51689
4.15534 4.52698
4.15668 4.53692
4.15802 4.54671
4.15936 4.55635
4.1607 4.56585
4.16204 4.57519
4.16338 4.58439
4.16472 4.59343
4.16606 4.60232
4.1674 4.61106
4.16874 4.61965
4.17008 4.62808
4.17142 4.63636
4.17276 4.64449
4.1741 4.65246
4.17544 4.66027
4.17678 4.66793
4.17812 4.67543
4.17946 4.68277
4.1808 4.68996
4.18214 4.69698
4.18348 4.70385
4.18482 4.71055
4.18616 4.7171
4.1875 4.72349
4.18884 4.72971
4.19018 4.73578
4.19152 4.74168
4.19286 4.74742
4.1942 4.75299
4.19554 4.7584
4.19688 4.76365
4.19822 4.76874
4.19956 4.77366
4.2009 4.77841
4.20224 4.783
4.20358 4.78742
4.20492 4.79168
4.20626 4.79577
4.2076 4.7997
4.20894 4.80346
4.21028 4.80705
4.21162 4.81047
4.21296 4.81373
4.2143 4.81681
4.21564 4.81973
4.21698 4.82248
4.21832 4.82506
4.21966 4.82748
4.221 4.82972
4.22234 4.83179
4.22368 4.8337
4.22502 4.83543
4.22636 4.837
4.2277 4.83839
4.22904 4.83962
4.23038 4.84067
4.23172 4.84156
4.23306 4.84227
4.2344 4.84282
4.23574 4.84319
4.23708 4.8434
4.23842 4.84343
4.23976 4.84329
4.2411 4.84298
4.24244 4.84251
4.24378 4.84186
4.24512 4.84104
4.24646 4.84005
4.2478 4.83889
4.24914 4.83756
4.25048 4.83606
4.25182 4.83439
4.25316 4.83255
4.2545 4.83054
4.25584 4.82836
4.25718 4.82601
4.25852 4.8235
4.25986 4.82081
4.2612 4.81796
4.26254 4.81493
4.26388 4.81174
4.26522 4.80838
4.26656 4.80485
4.2679 4.80116
4.26924 4.79729
4.27058 4.79326
4.27192 4.78907
4.27326 4.7847
4.2746 4.78017
4.27594 4.77548
4.27728 4.77062
4.27862 4.76559
4.27996 4.7604
4.2813 4.75505
4.28264 4.74953
4.28398 4.74385
4.28532 4.738
4.28666 4.73199
4.288 4.72583
4.28934 4.71949
4.29068 4.713
4.29202 4.70635
4.29336 4.69953
4.2947 4.69256
4.29604 4.68543
4.29738 4.67813
4.29872 4.67068
4.30006 4.66308
4.3014 4.65531
4.30274 4.64739
4.30408 4.63931
4.30542 4.63108
4.30676 4.62269
4.3081 4.61415
4.30944 4.60545
4.31078 4.5966
4.31212 4.5876
4.31346 4.57845
4.3148 4.56914
4.31614 4.55969
4.31748 4.55008
4.31882 4.54033
4.32016 4.53043
4.3215 4.52037
4.32284 4.51018
4.32418 4.49983
4.32552 4.48934
4.32686 4.47871
4.3282 4.46793
4.32954 4.45701
4.33088 4.44594
4.33222 4.43474
4.33356 4.42339
4.3349 4.4119
4.33624 4.40027
4.33758 4.3885
4.33892 4.37659
4.34026 4.36455
4.3416 4.35237
4.34294 4.34005
4.34428 4.3276
4.34562 4.31502
4.34696 4.3023
4.3483 4.28945
4.34964 4.27646
4.35098 4.26335
4.35232 4.25011
4.35366 4.23673
4.355 4.22323
4.35634 4.2096
4.35768 4.19584
4.35902 4.18196
4.36036 4.16795
4.3617 4.15382
4.36304 4.13956
4.36438 4.12518
4.36572 4.11068
4.36706 4.09606
4.3684 4.08132
4.36974 4.06646
4.37108 4.05148
4.37242 4.03639
4.37376 4.02118
4.3751 4.00585
4.37644 3.99041
4.37778 3.97485
4.37912 3.95918
4.38046 3.9434
4.3818 3.92751
4.38314 3.9115
4.38448 3.89539
4.38582 3.87917
4.38716 3.86284
4.3885 3.84641
4.38984 3.82987
4.39118 3.81322
4.39252 3.79647
4.39386 3.77962
4.3952 3.76266
4.39654 3.7456
4.39788 3.72845
4.39922 3.71119
4.40056 3.69383
4.4019 3.67638
4.40324 3.65883
4.40458 3.64118
4.40592 3.62344
4.40726 3.6056
4.4086 3.58768
4.40994 3.56965
4.41128 3.55154
4.41262 3.53333
4.41396 3.51504
4.4153 3.49665
4.41664 3.47818
4.41798 3.45962
4.41932 3.44098
4.42066 3.42225
4.422 3.40343
4.42334 3.38453
4.42468 3.36555
4.42602 3.34648
4.42736 3.32733
4.4287 3.3081
4.43004 3.2888
4.43138 3.26941
4.43272 3.24995
4.43406 3.23041
4.4354 3.21079
4.43674 3.19109
4.43808 3.17133
4.43942 3.15149
4.44076 3.13157
4.4421 3.11158
4.44344 3.09152
4.44478 3.07139
4.44612 3.0512
4.44746 3.03093
4.4488 3.01059
4.45014 2.99019
4.45148 2.96972
4.45282 2.94918
4.45416 2.92858
4.4555 2.90791
4.45684 2.88718
4.45818 2.86639
4.45952 2.84553
4.46086 2.82462
4.4622 2.80364
4.46354 2.7826
4.46488 2.76151
4.46622 2.74035
4.46756 2.71914
4.4689 2.69787
4.47024 2.67655
4.47158 2.65517
4.47292 2.63373
4.47426 2.61224
4.4756 2.5907
4.47694 2.56911
4.47828 2.54746
4.47962 2.52576
4.48096 2.50401
4.4823 2.48221
4.48364 2.46036
4.48498 2.43847
4.48632 2.41652
4.48766 2.39453
4.489 2.37249
4.49034 2.3504
4.49168 2.32827
4.49302 2.3061
4.49436 2.28388
4.4957 2.26162
4.49704 2.23931
4.49838 2.21696
4.49972 2.19457
4.50106 2.17214
4.5024 2.14967
4.50374 2.12716
4.50508 2.10461
4.50642 2.08203
4.50776 2.0594
4.5091 2.03674
4.51044 2.01404
4.51178 1.9913
4.51312 1.96853
4.51446 1.94572
4.5158 1.92288
4.51714 1.9
4.51848 1.87709
4.51982 1.85415
4.52116 1.83118
4.5225 1.80817
4.52384 1.78513
4.52518 1.76206
4.52652 1.73897
4.52786 1.71584
4.5292 1.69268
4.53054 1.66949
4.53188 1.64628
4.53322 1.62304
4.53456 1.59977
4.5359 1.57647
4.53724 1.55315
4.53858 1.5298
4.53992 1.50642
4.54126 1.48303
4.5426 1.4596
4.54394 1.43616
4.54528 1.41269
4.54662 1.38919
4.54796 1.36568
4.5493 1.34214
4.55064 1.31858
4.55198 1.295
4.55332 1.2714
4.55466 1.24778
4.556 1.22414
4.55734 1.20048
4.55868 1.1768
4.56002 1.1531
4.56136 1.12938
4.5627 1.10565
4.56404 1.0819
4.56538 1.05813
4.56672 1.03435
4.56806 1.01055
4.5694 0.986731
4.57074 0.9629
4.57208 0.939054
4.57342 0.915194
4.57476 0.891319
4.5761 0.867431
4.57744 0.84353
4.57878 0.819616
4.58012 0.79569
4.58146 0.771751
4.5828 0.747801
4.58414 0.723839
4.58548 0.699866
4.58682 0.675883
4.58816 0.65189
4.5895 0.627887
4.59084 0.603874
4.59218 0.579852
4.59352 0.555821
4.59486 0.531783
4.5962 0.507736
4.59754 0.483681
4.59888 0.459619
4.60022 0.43555
4.60156 0.411474
4.6029 0.387393
4.60424 0.363305
4.60558 0.339212
4.60692 0.315114
4.60826 0.29101
4.6096 0.266903
4.61094 0.242791
4.61228 0.218675
4.61362 0.194556
4.61496 0.170434
4.6163 0.146309
4.61764 0.122181
4.61898 0.098052
4.62032 0.0739208
4.62166 0.0497883
4.623 0.0256546
4.62434 0.00152029
4.62568 -0.0226144
4.62702 -0.0467491
4.62836 -0.0708835
4.6297 -0.0950173
4.63104 -0.11915
4.63238 -0.143281
4.63372 -0.167411
4.63506 -0.191539
4.6364 -0.215664
4.63774 -0.239787
4.63908 -0.263906
4.64042 -0.288022
4.64176 -0.312135
4.6431 -0.336243
4.64444 -0.360347
4.64578 -0.384446
4.64712 -0.408539
4.64846 -0.432628
4.6498 -0.45671
4.65114 -0.480787
4.65248 -0.504856
4.65382 -0.528919
4.65516 -0.552975
4.6565 -0.577023
4.65784 -0.601063
4.65918 -0.625094
4.66052 -0.649117
4.66186 -0.673131
4.6632 -0.697136
4.66454 -0.72113
4.66588 -0.745115
4.66722 -0.769089
4.66856 -0.793052
4.6699 -0.817003
4.67124 -0.840943
4.67258 -0.864871
4.67392 -0.888787
4.67526 -0.912689
4.6766 -0.936579
4.67794 -0.960455
4.67928 -0.984317
4.68062 -1.00816
4.68196 -1.032
4.6833 -1.05581
4.68464 -1.07962
4.68598 -1.1034
4.68732 -1.12717
4.68866 -1.15093
4.69 -1.17466
4.69134 -1.19838
4.69268 -1.22208
4.69402 -1.24576
4.69536 -1.26942
4.6967 -1.29307
4.69804 -1.31669
4.69938 -1.34029
4.70072 -1.36388
4.70206 -1.38744
4.7034 -1.41098
4.70474 -1.4345
4.70608 -1.45799
4.70742 -1.48146
4.70876 -1.50491
4.7101 -1.52834
4.71144 -1.55174
4.71278 -1.57512
4.71412 -1.59847
4.71546 -1.62179
4.7168 -1.64509
4.71814 -1.66836
4.71948 -1.69161
4.72082 -1.71483
4.72216 -1.73802
4.7235 -1.76118
4.72484 -1.78431
4.72618 -1.80741
4.72752 -1.83048
4.72886 -1.85352
4.7302 -1.87653
4.73154 -1.89951
4.73288 -1.92246
4.73422 -1.94537
4.73556 -1.96825
4.7369 -1.99109
4.73824 -2.0139
4.73958 -2.03668
4.74092 -2.05942
4.74226 -2.08212
4.7436 -2.10479
4.74494 -2.12742
4.74628 -2.15001
4.74762 -2.17256
4.74896 -2.19507
4.7503 -2.21755
4.75164 -2.23998
4.75298 -2.26237
4.75432 -2.28472
4.75566 -2.30703
4.757 -2.3293
4.75834 -2.35152
4.75968 -2.3737
4.76102 -2.39583
4.76236 -2.41792
4.7637 -2.43996
4.76504 -2.46196
4.76638 -2.48391
4.76772 -2.50581
4.76906 -2.52766
4.7704 -2.54946
4.77174 -2.57121
4.77308 -2.59292
4.77442 -2.61457
4.77576 -2.63616
4.7771 -2.65771
4.77844 -2.6792
4.77978 -2.70064
4.78112 -2.72202
4.78246 -2.74335
4.7838 -2.76462
4.78514 -2.78584
4.78648 -2.807
4.78782 -2.82809
4.78916 -2.84913
4.7905 -2.87011
4.79184 -2.89103
4.79318 -2.91189
4.79452 -2.93268
4.79586 -2.95342
4.7972 -2.97408
4.79854 -2.99469
4.79988 -3.01523
4.80122 -3.0357
4.80256 -3.05611
4.8039 -3.07644
4.80524 -3.09671
4.80658 -3.11691
4.80792 -3.13705
4.80926 -3.15711
4.8106 -3.17709
4.81194 -3.19701
4.81328 -3.21685
4.81462 -3.23662
4.81596 -3.25632
4.8173 -3.27593
4.81864 -3.29548
4.81998 -3.31494
4.82132 -3.33433
4.82266 -3.35363
4.824 -3.37286
4.82534 -3.39201
4.82668 -3.41107
4.82802 -3.43006
4.82936 -3.44895
4.8307 -3.46777
4.83204 -3.4865
4.83338 -3.50514
4.83472 -3.5237
4.83606 -3.54217
4.8374 -3.56055
4.83874 -3.57885
4.84008 -3.59705
4.84142 -3.61516
4.84276 -3.63318
4.8441 -3.65111
4.84544 -3.66894
4.84678 -3.68668
4.84812 -3.70432
4.84946 -3.72186
4.8508 -3.73931
4.85214 -3.75666
4.85348 -3.77392
4.85482 -3.79107
4.85616 -3.80812
4.8575 -3.82507
4.85884 -3.84191
4.86018 -3.85866
4.86152 -3.87529
4.86286 -3.89183
4.8642 -3.90825
4.86554 -3.92457
4.86688 -3.94079
4.86822 -3.95689
4.86956 -3.97288
4.8709 -3.98876
4.87224 -4.00453
4.87358 -4.02019
4.87492 -4.03574
4.87626 -4.05117
4.8776 -4.06648
4.87894 -4.08168
4.88028 -4.09676
4.88162 -4.11173
4.88296 -4.12657
4.8843 -4.1413
4.88564 -4.15591
4.88698 -4.17039
4.88832 -4.18475
4.88966 -4.19899
4.891 -4.21311
4.89234 -4.2271
4.89368 -4.24096
4.89502 -4.2547
4.89636 -4.26831
4.8977 -4.28179
4.89904 -4.29514
4.90038 -4.30836
4.90172 -4.32146
4.90306 -4.33442
4.9044 -4.34725
4.90574 -4.35994
4.90708 -4.3725
4.90842 -4.38493
4.90976 -4.39721
4.9111 -4.40937
4.91244 -4.42138
4.91378 -4.43326
4.91512 -4.445
4.91646 -4.4566
4.9178 -4.46806
4.91914 -4.47937
4.92048 -4.49055
4.92182 -4.50158
4.92316 -4.51247
4.9245 -4.52321
4.92584 -4.53381
4.92718 -4.54426
4.92852 -4.55457
4.92986 -4.56473
4.9312 -4.57474
4.93254 -4.5846
4.93388 -4.59431
4.93522 -4.60388
4.93656 -4.61329
4.9379 -4.62255
4.93924 -4.63166
4.94058 -4.64061
4.94192 -4.64942
4.94326 -4.65806
4.9446 -4.66656
4.94594 -4.6749
4.94728 -4.68308
4.94862 -4.6911
4.94996 -4.69897
4.9513 -4.70668
4.95264 -4.71424
4.95398 -4.72163
4.95532 -4.72887
4.95666 -4.73594
4.958 -4.74286
4.95934 -4.74961
4.96068 -4.7562
4.96202 -4.76263
4.96336 -4.7689
4.9647 -4.77501
4.96604 -4.78095
4.96738 -4.78672
4.96872 -4.79234
4.97006 -4.79779
4.9714 -4.80307
4.97274 -4.80819
4.97408 -4.81314
4.97542 -4.81793
4.97676 -4.82255
4.9781 -4.827
4.97944 -4.83128
4.98078 -4.8354
4.98212 -4.83935
4.98346 -4.84313
4.9848 -4.84674
4.98614 -4.85019
4.98748 -4.85346
4.98882 -4.85657
4.99016 -4.8595
4.9915 -4.86227
4.99284 -4.86486
4.99418 -4.86729
4.99552 -4.86954
4.99686 -4.87163
4.9982 -4.87354
4.99954 -4.87528
5.00088 -4.87685
5.00222 -4.87825
5.00356 -4.87948
5.0049 -4.88053
5.00624 -4.88142
5.00758 -4.88213
5.00892 -4.88267
5.01026 -4.88304
5.0116 -4.88324
5.01294 -4.88327
5.01428 -4.88312
5.01562 -4.8828
5.01696 -4.88231
5.0183 -4.88165
5.01964 -4.88082
5.02098 -4.87981
5.02232 -4.87864
5.02366 -4.87729
5.025 -4.87577
5.02634 -4.87408
5.02768 -4.87221
5.02902 -4.87018
5.03036 -4.86798
5.0317 -4.8656
5.03304 -4.86306
5.03438 -4.86034
5.03572 -4.85745
5.03706 -4.8544
5.0384 -4.85117
5.03974 -4.84778
5.04108 -4.84421
5.04242 -4.84048
5.04376 -4.83658
5.0451 -4.83251
5.04644 -4.82827
5.04778 -4.82386
5.04912 -4.81929
5.05046 -4.81455
5.0518 -4.80964
5.05314 -4.80457
5.05448 -4.79933
5.05582 -4.79392
5.05716 -4.78835
5.0585 -4.78262
5.05984 -4.77672
5.06118 -4.77065
5.06252 -4.76443
5.06386 -4.75804
5.0652 -4.75148
5.06654 -4.74477
5.06788 -4.73789
5.06922 -4.73086
5.07056 -4.72366
5.0719 -4.7163
5.07324 -4.70878
5.07458 -4.70111
5.07592 -4.69327
5.07726 -4.68528
5.0786 -4.67713
5.07994 -4.66883
5.08128 -4.66037
5.08262 -4.65175
5.08396 -4.64298
5.0853 -4.63405
5.08664 -4.62497
5.08798 -4.61574
5.08932 -4.60636
5.09066 -4.59682
5.092 -4.58713
5.09334 -4.5773
5.09468 -4.56731
5.09602 -4.55717
5.09736 -4.54689
5.0987 -4.53646
5.10004 -4.52588
5.10138 -4.51516
5.10272 -4.50429
5.10406 -4.49328
5.1054 -4.48212
5.10674 -4.47082
5.10808 -4.45938
5.10942 -4.4478
5.11076 -4.43607
5.1121 -4.42421
5.11344 -4.41221
5.11478 -4.40006
5.11612 -4.38779
5.11746 -4.37537
5.1188 -4.36282
5.12014 -4.35013
5.12148 -4.33731
5.12282 -4.32436
5.12416 -4.31127
5.1255 -4.29805
5.12684 -4.2847
5.12818 -4.27123
5.12952 -4.25762
5.13086 -4.24388
5.1322 -4.23002
5.13354 -4.21603
5.13488 -4.20191
5.13622 -4.18767
5.13756 -4.1733
5.1389 -4.15881
5.14024 -4.1442
5.14158 -4.12947
5.14292 -4.11462
5.14426 -4.09964
5.1456 -4.08455
5.14694 -4.06934
5.14828 -4.05402
5.14962 -4.03858
5.15096 -4.02302
5.1523 -4.00735
5.15364 -3.99156
5.15498 -3.97566
5.15632 -3.95965
5.15766 -3.94353
5.159 -3.9273
5.16034 -3.91097
5.16168 -3.89452
5.16302 -3.87797
5.16436 -3.8613
5.1657 -3.84454
5.16704 -3.82767
5.16838 -3.8107
5.16972 -3.79362
5.17106 -3.77644
5.1724 -3.75916
5.17374 -3.74179
5.17508 -3.72431
5.17642 -3.70673
5.17776 -3.68906
5.1791 -3.67129
5.18044 -3.65343
5.18178 -3.63547
5.18312 -3.61741
5.18446 -3.59927
5.1858 -3.58103
5.18714 -3.5627
5.18848 -3.54428
5.18982 -3.52577
5.19116 -3.50718
5.1925 -3.48849
5.19384 -3.46972
5.19518 -3.45087
5.19652 -3.43193
5.19786 -3.4129
5.1992 -3.39379
5.20054 -3.3746
5.20188 -3.35533
5.20322 -3.33598
5.20456 -3.31654
5.2059 -3.29703
5.20724 -3.27744
5.20858 -3.25778
5.20992 -3.23803
5.21126 -3.21821
5.2126 -3.19832
5.21394 -3.17835
5.21528 -3.15831
5.21662 -3.1382
5.21796 -3.11802
5.2193 -3.09776
5.22064 -3.07744
5.22198 -3.05704
5.22332 -3.03658
5.22466 -3.01605
5.226 -2.99545
5.22734 -2.97479
5.22868 -2.95407
5.23002 -2.93327
5.23136 -2.91242
5.2327 -2.8915
5.23404 -2.87052
5.23538 -2.84948
5.23672 -2.82838
5.23806 -2.80722
5.2394 -2.786
5.24074 -2.76472
5.24208 -2.74338
5.24342 -2.72199
5.24476 -2.70054
5.2461 -2.67904
5.24744 -2.65748
5.24878 -2.63587
5.25012 -2.6142
5.25146 -2.59248
5.2528 -2.57071
5.25414 -2.54889
5.25548 -2.52702
5.25682 -2.50509
5.25816 -2.48312
5.2595 -2.4611
5.26084 -2.43904
5.26218 -2.41692
5.26352 -2.39476
5.26486 -2.37255
5.2662 -2.3503
5.26754 -2.32801
5.26888 -2.30567
5.27022 -2.28328
5.27156 -2.26086
5.2729 -2.23839
5.27424 -2.21588
5.27558 -2.19333
5.27692 -2.17074
5.27826 -2.14811
5.2796 -2.12544
5.28094 -2.10273
5.28228 -2.07999
5.28362 -2.0572
5.28496 -2.03438
5.2863 -2.01153
5.28764 -1.98864
5.28898 -1.96571
5.29032 -1.94275
5.29166 -1.91976
5.293 -1.89673
5.29434 -1.87367
5.29568 -1.85058
5.29702 -1.82746
5.29836 -1.8043
5.2997 -1.78112
5.30104 -1.7579
5.30238 -1.73466
5.30372 -1.71138
5.30506 -1.68808
5.3064 -1.66475
5.30774 -1.64139
5.30908 -1.618
5.31042 -1.59459
5.31176 -1.57115
5.3131 -1.54769
5.31444 -1.5242
5.31578 -1.50069
5.31712 -1.47715
5.31846 -1.45359
5.3198 -1.43001
5.32114 -1.4064
5.32248 -1.38277
5.32382 -1.35912
5.32516 -1.33544
5.3265 -1.31175
5.32784 -1.28804
5.32918 -1.2643
5.33052 -1.24055
5.33186 -1.21677
5.3332 -1.19298
5.33454 -1.16917
5.33588 -1.14534
5.33722 -1.1215
5.33856 -1.09763
5.3399 -1.07375
5.34124 -1.04986
5.34258 -1.02594
5.34392 -1.00202
5.34526 -0.978074
5.3466 -0.954116
5.34794 -0.930144
5.34928 -0.906158
5.35062 -0.882159
5.35196 -0.858146
5.3533 -0.834121
5.35464 -0.810083
5.35598 -0.786033
5.35732 -0.761971
5.35866 -0.737898
5.36 -0.713814
5.36134 -0.68972
5.36268 -0.665615
5.36402 -0.641501
5.36536 -0.617377
5.3667 -0.593244
5.36804 -0.569102
5.36938 -0.544952
5.37072 -0.520794
5.37206 -0.496628
5.3734 -0.472455
5.37474 -0.448275
5.37608 -0.424088
5.37742 -0.399895
5.37876 -0.375697
5.3801 -0.351492
5.38144 -0.327282
5.38278 -0.303068
5.38412 -0.278848
5.38546 -0.254625
5.3868 -0.230398
5.38814 -0.206167
5.38948 -0.181933
5.39082 -0.157696
5.39216 -0.133456
5.3935 -0.109215
5.39484 -0.0849714
5.39618 -0.0607265
5.39752 -0.0364803
5.39886 -0.0122334
5.4002 0.0120141
5.40154 0.0362618
5.40288 0.0605092
5.40422 0.0847562
5.40556 0.109002
5.4069 0.133247
5.40824 0.157491
5.40958 0.181732
5.41092 0.205972
5.41226 0.230209
5.4136 0.254443
5.41494 0.278674
5.41628 0.302901
5.41762 0.327124
5.41896 0.351344
5.4203 0.375558
5.42164 0.399768
5.42298 0.423973
5.42432 0.448172
5.42566 0.472365
5.427 0.496552
5.42834 0.520732
5.42968 0.544905
5.43102 0.569071
5.43236 0.593229
5.4337 0.617379
5.43504 0.641521
5.43638 0.665654
5.43772 0.689778
5.43906 0.713892
5.4404 0.737997
5.44174 0.762091
5.44308 0.786175
5.44442 0.810248
5.44576 0.83431
5.4471 0.85836
5.44844 0.882398
5.44978 0.906423
5.45112 0.930436
5.45246 0.954436
5.4538 0.978422
5.45514 1.00239
5.45648 1.02635
5.45782 1.05029
5.45916 1.07422
5.4605 1.09813
5.46184 1.12203
5.46318 1.14591
5.46452 1.16977
5.46586 1.19362
5.4672 1.21745
5.46854 1.24126
5.46988 1.26505
5.47122 1.28882
5.47256 1.31258
5.4739 1.33631
5.47524 1.36003
5.47658 1.38372
5.47792 1.40739
5.47926 1.43105
5.4806 1.45467
5.48194 1.47828
5.48328 1.50187
5.48462 1.52543
5.48596 1.54896
5.4873 1.57248
5.48864 1.59597
5.48998 1.61943
5.49132 1.64287
5.49266 1.66628
5.494 1.68966
5.49534 1.71302
5.49668 1.73635
5.49802 1.75965
5.49936 1.78293
5.5007 1.80617
5.50204 1.82939
5.50338 1.85257
5.50472 1.87573
5.50606 1.89885
5.5074 1.92194
5.50874 1.945
5.51008 1.96803
5.51142 1.99102
5.51276 2.01398
5.5141 2.0369
5.51544 2.05979
5.51678 2.08265
5.51812 2.10546
5.51946 2.12825
5.5208 2.15099
5.52214 2.1737
5.52348 2.19636
5.52482 2.21899
5.52616 2.24158
5.5275 2.26413
5.52884 2.28664
5.53018 2.30911
5.53152 2.33153
5.53286 2.35391
5.5342 2.37625
5.53554 2.39854
5.53688 2.42079
5.53822 2.443
5.53956 2.46516
5.5409 2.48727
5.54224 2.50933
5.54358 2.53135
5.54492 2.55332
5.54626 2.57524
5.5476 2.59711
5.54894 2.61893
5.55028 2.6407
5.55162 2.66241
5.55296 2.68407
5.5543 2.70568
5.55564 2.72724
5.55698 2.74874
5.55832 2.77019
5.55966 2.79158
5.561 2.81291
5.56234 2.83418
5.56368 2.8554
5.56502 2.87656
5.56636 2.89765
5.5677 2.91869
5.56904 2.93966
5.57038 2.96058
5.57172 2.98143
5.57306 3.00221
5.5744 3.02293
5.57574 3.04359
5.57708 3.06418
5.57842 3.0847
5.57976 3.10516
5.5811 3.12555
5.58244 3.14587
5.58378 3.16611
5.58512 3.18629
5.58646 3.2064
5.5878 3.22643
5.58914 3.24639
5.59048 3.26628
5.59182 3.28609
5.59316 3.30582
5.5945 3.32548
5.59584 3.34506
5.59718 3.36456
5.59852 3.38399
5.59986 3.40333
5.6012 3.42259
5.60254 3.44177
5.60388 3.46087
5.60522 3.47989
5.60656 3.49882
5.6079 3.51766
5.60924 3.53642
5.61058 3.55509
5.61192 3.57368
5.61326 3.59217
5.6146 3.61058
5.61594 3.62889
5.61728 3.64712
5.61862 3.66525
5.61996 3.68329
5.6213 3.70123
5.62264 3.71908
5.62398 3.73684
5.62532 3.75449
5.62666 3.77205
5.628 3.78951
5.62934 3.80688
5.63068 3.82414
5.63202 3.8413
5.63336 3.85835
5.6347 3.87531
5.63604 3.89216
5.63738 3.90891
5.63872 3.92555
5.64006 3.94208
5.6414 3.9585
5.64274 3.97482
5.64408 3.99103
5.64542 4.00713
5.64676 4.02311
5.6481 4.03899
5.64944 4.05475
5.65078 4.07039
5.65212 4.08593
5.65346 4.10134
5.6548 4.11664
5.65614 4.13183
5.65748 4.14689
5.65882 4.16183
5.66016 4.17666
5.6615 4.19136
5.66284 4.20594
5.66418 4.2204
5.66552 4.23473
5.66686 4.24894
5.6682 4.26303
5.66954 4.27698
5.67088 4.29081
5.67222 4.30452
5.67356 4.31809
5.6749 4.33153
5.67624 4.34484
5.67758 4.35802
5.67892 4.37107
5.68026 4.38399
5.6816 4.39677
5.68294 4.40941
5.68428 4.42192
5.68562 4.4343
5.68696 4.44653
5.6883 4.45863
5.68964 4.47059
5.69098 4.4824
5.69232 4.49408
5.69366 4.50562
5.695 4.51701
5.69634 4.52826
5.69768 4.53937
5.69902 4.55033
5.70036 4.56115
5.7017 4.57182
5.70304 4.58234
5.70438 4.59272
5.70572 4.60295
5.70706 4.61302
5.7084 4.62295
5.70974 4.63273
5.71108 4.64236
5.71242 4.65183
5.71376 4.66116
5.7151 4.67033
5.71644 4.67934
5.71778 4.6882
5.71912 4.69691
5.72046 4.70546
5.7218 4.71385
5.72314 4.72209
5.72448 4.73017
5.72582 4.73809
5.72716 4.74585
5.7285 4.75345
5.72984 4.7609
5.73118 4.76818
5.73252 4.7753
5.73386 4.78226
5.7352 4.78905
5.73654 4.79569
5.73788 4.80216
5.73922 4.80847
5.74056 4.81461
5.7419 4.82059
5.74324 4.8264
5.74458 4.83205
5.74592 4.83753
5.74726 4.84284
5.7486 4.84799
5.74994 4.85297
5.75128 4.85779
5.75262 4.86243
5.75396 4.86691
5.7553 4.87122
5.75664 4.87536
5.75798 4.87933
5.75932 4.88313
5.76066 4.88676
5.762 4.89022
5.76334 4.89351
5.76468 4.89663
5.76602 4.89957
5.76736 4.90235
5.7687 4.90495
5.77004 4.90739
5.77138 4.90965
5.77272 4.91174
5.77406 4.91365
5.7754 4.9154
5.77674 4.91697
5.77808 4.91837
5.77942 4.91959
5.78076 4.92065
5.7821 4.92153
5.78344 4.92223
5.78478 4.92277
5.78612 4.92313
5.78746 4.92332
5.7888 4.92333
5.79014 4.92317
5.79148 4.92284
5.79282 4.92233
5.79416 4.92165
5.7955 4.9208
5.79684 4.91978
5.79818 4.91858
5.79952 4.91721
5.80086 4.91566
5.8022 4.91395
5.80354 4.91206
5.80488 4.91
5.80622 4.90776
5.80756 4.90536
5.8089 4.90278
5.81024 4.90003
5.81158 4.89711
5.81292 4.89401
5.81426 4.89075
5.8156 4.88732
5.81694 4.88371
5.81828 4.87994
5.81962 4.87599
5.82096 4.87188
5.8223 4.86759
5.82364 4.86314
5.82498 4.85852
5.82632 4.85372
5.82766 4.84877
5.829 4.84364
5.83034 4.83835
5.83168 4.83289
5.83302 4.82726
5.83436 4.82147
5.8357 4.81551
5.83704 4.80938
5.83838 4.8031
5.83972 4.79664
5.84106 4.79003
5.8424 4.78325
5.84374 4.77631
5.84508 4.7692
5.84642 4.76193
5.84776 4.75451
5.8491 4.74692
5.85044 4.73917
5.85178 4.73126
5.85312 4.7232
5.85446 4.71497
5.8558 4.70659
5.85714 4.69805
5.85848 4.68936
5.85982 4.68051
5.86116 4.6715
5.8625 4.66234
5.86384 4.65302
5.86518 4.64355
5.86652 4.63393
5.86786 4.62416
5.8692 4.61424
5.87054 4.60416
5.87188 4.59394
5.87322 4.58356
5.87456 4.57304
5.8759 4.56237
5.87724 4.55156
5.87858 4.5406
5.87992 4.52949
5.88126 4.51824
5.8826 4.50684
5.88394 4.4953
5.88528 4.48362
5.88662 4.4718
5.88796 4.45983
5.8893 4.44773
5.89064 4.43549
5.89198 4.42311
5.89332 4.41059
5.89466 4.39793
5.896 4.38514
5.89734 4.37222
5.89868 4.35916
5.90002 4.34596
5.90136 4.33264
5.9027 4.31918
5.90404 4.30559
5.90538 4.29188
5.90672 4.27803
5.90806 4.26406
5.9094 4.24995
5.91074 4.23573
5.91208 4.22137
5.91342 4.20689
5.91476 4.19229
5.9161 4.17757
5.91744 4.16272
5.91878 4.14775
5.92012 4.13266
5.92146 4.11746
5.9228 4.10213
5.92414 4.08669
5.92548 4.07113
5.92682 4.05545
5.92816 4.03966
5.9295 4.02376
5.93084 4.00774
5.93218 3.99161
5.93352 3.97537
5.93486 3.95902
5.9362 3.94256
5.93754 3.92599
5.93888 3.90932
5.94022 3.89254
5.94156 3.87565
5.9429 3.85866
5.94424 3.84156
5.94558 3.82436
5.94692 3.80706
5.94826 3.78966
5.9496 3.77215
5.95094 3.75455
5.95228 3.73685
5.95362 3.71905
5.95496 3.70116
5.9563 3.68317
5.95764 3.66509
5.95898 3.64691
5.96032 3.62864
5.96166 3.61027
5.963 3.59182
5.96434 3.57327
5.96568 3.55464
5.96702 3.53592
5.96836 3.51711
5.9697 3.49821
5.97104 3.47923
5.97238 3.46016
5.97372 3.44101
5.97506 3.42177
5.9764 3.40245
5.97774 3.38305
5.97908 3.36357
5.98042 3.34401
5.98176 3.32438
5.9831 3.30466
5.98444 3.28487
5.98578 3.265
5.98712 3.24505
5.98846 3.22503
5.9898 3.20493
5.99114 3.18477
5.99248 3.16453
5.99382 3.14422
5.99516 3.12384
5.9965 3.10338
5.99784 3.08286
5.99918 3.06227
6.00052 3.04162
6.00186 3.0209
6.0032 3.00011
6.00454 2.97925
6.00588 2.95834
6.00722 2.93736
6.00856 2.91631
6.0099 2.89521
6.01124 2.87404
6.01258 2.85281
6.01392 2.83153
6.01526 2.81018
6.0166 2.78878
6.01794 2.76732
6.01928 2.7458
6.02062 2.72423
6.02196 2.7026
6.0233 2.68091
6.02464 2.65918
6.02598 2.63739
6.02732 2.61554
6.02866 2.59365
6.03 2.5717
6.03134 2.54971
6.03268 2.52766
6.03402 2.50557
6.03536 2.48343
6.0367 2.46124
6.03804 2.439
6.03938 2.41672
6.04072 2.39439
6.04206 2.37201
6.0434 2.3496
6.04474 2.32714
6.04608 2.30463
6.04742 2.28208
6.04876 2.25949
6.0501 2.23686
6.05144 2.21419
6.05278 2.19148
6.05412 2.16873
6.05546 2.14595
6.0568 2.12312
6.05814 2.10025
6.05948 2.07735
6.06082 2.05441
6.06216 2.03144
6.0635 2.00843
6.06484 1.98539
6.06618 1.96231
6.06752 1.9392
6.06886 1.91605
6.0702 1.89288
6.07154 1.86967
6.07288 1.84643
6.07422 1.82316
6.07556 1.79985
6.0769 1.77652
6.07824 1.75316
6.07958 1.72977
6.08092 1.70635
6.08226 1.68291
6.0836 1.65943
6.08494 1.63593
6.08628 1.61241
6.08762 1.58885
6.08896 1.56528
6.0903 1.54167
6.09164 1.51805
6.09298 1.49439
6.09432 1.47072
6.09566 1.44702
6.097 1.4233
6.09834 1.39956
6.09968 1.37579
6.10102 1.35201
6.10236 1.3282
6.1037 1.30438
6.10504 1.28053
6.10638 1.25666
6.10772 1.23278
6.10906 1.20887
6.1104 1.18495
6.11174 1.16101
6.11308 1.13705
6.11442 1.11308
6.11576 1.08909
6.1171 1.06508
6.11844 1.04106
6.11978 1.01702
6.12112 0.992964
6.12246 0.968895
6.1238 0.944813
6.12514 0.920716
6.12648 0.896606
6.12782 0.872483
6.12916 0.848348
6.1305 0.8242
6.13184 0.80004
6.13318 0.775868
6.13452 0.751685
6.13586 0.727492
6.1372 0.703287
6.13854 0.679073
6.13988 0.654849
6.14122 0.630615
6.14256 0.606373
6.1439 0.582121
6.14524 0.557862
6.14658 0.533594
6.14792 0.509318
6.14926 0.485036
6.1506 0.460746
6.15194 0.43645
6.15328 0.412147
6.15462 0.387838
6.15596 0.363524
6.1573 0.339204
6.15864 0.31488
6.15998 0.290551
6.16132 0.266218
6.16266 0.24188
6.164 0.217539
6.16534 0.193195
6.16668 0.168848
6.16802 0.144498
6.16936 0.120146
6.1707 0.0957923
6.17204 0.0714368
6.17338 0.0470799
6.17472 0.0227221
6.17606 -0.00163641
6.1774 -0.0259952
6.17874 -0.0503539
6.18008 -0.0747123
6.18142 -0.0990701
6.18276 -0.123427
6.1841 -0.147782
6.18544 -0.172136
6.18678 -0.196488
6.18812 -0.220837
6.18946 -0.245184
6.1908 -0.269527
6.19214 -0.293868
6.19348 -0.318205
6.19482 -0.342537
6.19616 -0.366866
6.1975 -0.39119
6.19884 -0.415509
6.20018 -0.439822
6.20152 -0.46413
6.20286 -0.488432
6.2042 -0.512727
6.20554 -0.537016
6.20688 -0.561298
6.20822 -0.585572
6.20956 -0.609839
6.2109 -0.634098
6.21224 -0.658348
6.21358 -0.682589
6.21492 -0.706821
6.21626 -0.731044
6.2176 -0.755257
6.21894 -0.77946
6.22028 -0.803652
6.22162 -0.827834
6.22296 -0.852004
6.2243 -0.876162
6.22564 -0.900308
6.22698 -0.924442
6.22832 -0.948563
6.22966 -0.972671
6.231 -0.996766
6.23234 -1.02085
6.23368 -1.04491
6.23502 -1.06896
6.23636 -1.093
6.2377 -1.11702
6.23904 -1.14103
6.24038 -1.16502
6.24172 -1.18899
6.24306 -1.21294
6.2444 -1.23688
6.24574 -1.2608
6.24708 -1.2847
6.24842 -1.30858
6.24976 -1.33245
6.2511 -1.35629
6.25244 -1.38012
6.25378 -1.40392
6.25512 -1.4277
6.25646 -1.45146
6.2578 -1.4752
6.25914 -1.49892
6.26048 -1.52261
6.26182 -1.54628
6.26316 -1.56993
6.2645 -1.59356
6.26584 -1.61715
6.26718 -1.64073
6.26852 -1.66428
6.26986 -1.6878
6.2712 -1.7113
6.27254 -1.73477
6.27388 -1.75821
6.27522 -1.78162
6.27656 -1.80501
6.2779 -1.82836
6.27924 -1.85169
6.28058 -1.87499
6.28192 -1.89825
6.28326 -1.92149
6.2846 -1.94469
6.28594 -1.96786
6.28728 -1.991
6.28862 -2.01411
6.28996 -2.03718
6.2913 -2.06022
6.29264 -2.08322
6.29398 -2.10619
6.29532 -2.12912
6.29666 -2.15202
6.298 -2.17487
6.29934 -2.19769
6.30068 -2.22048
6.30202 -2.24322
6.30336 -2.26592
6.3047 -2.28859
6.30604 -2.31121
6.30738 -2.33379
6.30872 -2.35633
6.31006 -2.37883
6.3114 -2.40128
6.31274 -2.42369
6.31408 -2.44605
6.31542 -2.46838
6.31676 -2.49065
6.3181 -2.51288
6.31944 -2.53506
6.32078 -2.55719
6.32212 -2.57928
6.32346 -2.60131
6.3248 -2.6233
6.32614 -2.64523
6.32748 -2.66712
6.32882 -2.68895
6.33016 -2.71073
6.3315 -2.73245
6.33284 -2.75413
6.33418 -2.77574
6.33552 -2.79731
6.33686 -2.81881
6.3382 -2.84026
6.33954 -2.86165
6.34088 -2.88299
6.34222 -2.90426
6.34356 -2.92547
6.3449 -2.94663
6.34624 -2.96772
6.34758 -2.98875
6.34892 -3.00972
6.35026 -3.03062
6.3516 -3.05146
6.35294 -3.07223
6.35428 -3.09294
6.35562 -3.11358
6.35696 -3.13415
6.3583 -3.15466
6.35964 -3.17509
6.36098 -3.19546
6.36232 -3.21575
6.36366 -3.23597
6.365 -3.25612
6.36634 -3.2762
6.36768 -3.2962
6.36902 -3.31613
6.37036 -3.33598
6.3717 -3.35575
6.37304 -3.37545
6.37438 -3.39507
6.37572 -3.41461
6.37706 -3.43407
6.3784 -3.45344
6.37974 -3.47274
6.38108 -3.49195
6.38242 -3.51108
6.38376 -3.53013
6.3851 -3.54909
6.38644 -3.56796
6.38778 -3.58675
6.38912 -3.60544
6.39046 -3.62405
6.3918 -3.64257
6.39314 -3.661
6.39448 -3.67934
6.39582 -3.69758
6.39716 -3.71573
6.3985 -3.73379
6.39984 -3.75175
6.40118 -3.76962
6.40252 -3.78738
6.40386 -3.80505
6.4052 -3.82262
6.40654 -3.8401
6.40788 -3.85747
6.40922 -3.87474
6.41056 -3.8919
6.4119 -3.90896
6.41324 -3.92592
6.41458 -3.94278
6.41592 -3.95952
6.41726 -3.97616
6.4186 -3.99269
6.41994 -4.00912
6.42128 -4.02543
6.42262 -4.04163
6.42396 -4.05772
6.4253 -4.0737
6.42664 -4.08956
6.42798 -4.10531
6.42932 -4.12094
6.43066 -4.13646
6.432 -4.15186
6.43334 -4.16714
6.43468 -4.18231
6.43602 -4.19735
6.43736 -4.21227
6.4387 -4.22707
6.44004 -4.24175
6.44138 -4.2563
6.44272 -4.27073
6.44406 -4.28504
6.4454 -4.29921
6.44674 -4.31326
6.44808 -4.32719
6.44942 -4.34098
6.45076 -4.35464
6.4521 -4.36818
6.45344 -4.38158
6.45478 -4.39485
6.45612 -4.40798
6.45746 -4.42098
6.4588 -4.43385
6.46014 -4.44658
6.46148 -4.45917
6.46282 -4.47163
6.46416 -4.48395
6.4655 -4.49613
6.46684 -4.50817
6.46818 -4.52006
6.46952 -4.53182
6.47086 -4.54343
6.4722 -4.5549
6.47354 -4.56623
6.47488 -4.57741
6.47622 -4.58845
6.47756 -4.59934
6.4789 -4.61008
6.48024 -4.62067
6.48158 -4.63112
6.48292 -4.64141
6.48426 -4.65156
6.4856 -4.66156
6.48694 -4.6714
6.48828 -4.68109
6.48962 -4.69063
6.49096 -4.70001
6.4923 -4.70925
6.49364 -4.71832
6.49498 -4.72724
6.49632 -4.736
6.49766 -4.74461
6.499 -4.75306
6.50034 -4.76135
6.50168 -4.76948
6.50302 -4.77745
6.50436 -4.78526
6.5057 -4.79292
6.50704 -4.80041
6.50838 -4.80773
6.50972 -4.8149
6.51106 -4.8219
6.5124 -4.82874
6.51374 -4.83542
6.51508 -4.84193
6.51642 -4.84828
6.51776 -4.85446
6.5191 -4.86047
6.52044 -4.86632
6.52178 -4.872
6.52312 -4.87751
6.52446 -4.88286
6.5258 -4.88804
6.52714 -4.89305
6.52848 -4.89789
6.52982 -4.90256
6.53116 -4.90706
6.5325 -4.91139
6.53384 -4.91555
6.53518 -4.91954
6.53652 -4.92336
6.53786 -4.92701
6.5392 -4.93048
6.54054 -4.93379
6.54188 -4.93692
6.54322 -4.93988
6.54456 -4.94267
6.5459 -4.94528
6.54724 -4.94772
6.54858 -4.94999
6.54992 -4.95208
6.55126 -4.954
6.5526 -4.95575
6.55394 -4.95732
6.55528 -4.95872
6.55662 -4.95994
6.55796 -4.96099
6.5593 -4.96187
6.56064 -4.96257
6.56198 -4.96309
6.56332 -4.96344
6.56466 -4.96362
6.566 -4.96362
6.56734 -4.96345
6.56868 -4.9631
6.57002 -4.96258
6.57136 -4.96188
6.5727 -4.96101
6.57404 -4.95997
6.57538 -4.95874
6.57672 -4.95735
6.57806 -4.95578
6.5794 -4.95404
6.58074 -4.95212
6.58208 -4.95003
6.58342 -4.94777
6.58476 -4.94533
6.5861 -4.94272
6.58744 -4.93993
6.58878 -4.93698
6.59012 -4.93384
6.59146 -4.93054
6.5928 -4.92707
6.59414 -4.92342
6.59548 -4.9196
6.59682 -4.91561
6.59816 -4.91145
6.5995 -4.90712
6.60084 -4.90262
6.60218 -4.89795
6.60352 -4.89311
6.60486 -4.8881
6.6062 -4.88292
6.60754 -4.87757
6.60888 -4.87205
6.61022 -4.86637
6.61156 -4.86052
6.6129 -4.8545
6.61424 -4.84831
6.61558 -4.84196
6.61692 -4.83545
6.61826 -4.82877
6.6196 -4.82192
6.62094 -4.81491
6.62228 -4.80774
6.62362 -4.8004
6.62496 -4.79291
6.6263 -4.78525
6.62764 -4.77743
6.62898 -4.76944
6.63032 -4.7613
6.63166 -4.753
6.633 -4.74454
6.63434 -4.73593
6.63568 -4.72715
6.63702 -4.71822
6.63836 -4.70913
6.6397 -4.69989
6.64104 -4.69049
6.64238 -4.68093
6.64372 -4.67123
6.64506 -4.66137
6.6464 -4.65135
6.64774 -4.64119
6.64908 -4.63088
6.65042 -4.62041
6.65176 -4.6098
6.6531 -4.59904
6.65444 -4.58813
6.65578 -4.57707
6.65712 -4.56587
6.65846 -4.55452
6.6598 -4.54303
6.66114 -4.53139
6.66248 -4.51961
6.66382 -4.50769
6.66516 -4.49562
6.6665 -4.48342
6.66784 -4.47107
6.66918 -4.45859
6.67052 -4.44597
6.67186 -4.43321
6.6732 -4.42031
6.67454 -4.40728
6.67588 -4.39412
6.67722 -4.38082
6.67856 -4.36738
6.6799 -4.35382
6.68124 -4.34012
6.68258 -4.32629
6.68392 -4.31234
6.68526 -4.29825
6.6866 -4.28404
6.68794 -4.2697
6.68928 -4.25523
6.69062 -4.24064
6.69196 -4.22592
6.6933 -4.21108
6.69464 -4.19612
6.69598 -4.18104
6.69732 -4.16583
6.69866 -4.15051
6.7 -4.13506
