0 -17.4814
0.00134 -17.4813
0.00268 -17.4809
0.00402 -17.4801
0.00536 -17.4792
0.0067 -17.4779
0.00804 -17.4763
0.00938 -17.4745
0.01072 -17.4724
0.01206 -17.47
0.0134 -17.4673
0.01474 -17.4643
0.01608 -17.4611
0.01742 -17.4576
0.01876 -17.4537
0.0201 -17.4496
0.02144 -17.4452
0.02278 -17.4406
0.02412 -17.4356
0.02546 -17.4303
0.0268 -17.4248
0.02814 -17.4189
0.02948 -17.4128
0.03082 -17.4064
0.03216 -17.3997
0.0335 -17.3926
0.03484 -17.3853
0.03618 -17.3777
0.03752 -17.3698
0.03886 -17.3616
0.0402 -17.3531
0.04154 -17.3443
0.04288 -17.3352
0.04422 -17.3258
0.04556 -17.3161
0.0469 -17.306
0.04824 -17.2957
0.04958 -17.285
0.05092 -17.2741
0.05226 -17.2628
0.0536 -17.2512
0.05494 -17.2393
0.05628 -17.2271
0.05762 -17.2145
0.05896 -17.2016
0.0603 -17.1884
0.06164 -17.1749
0.06298 -17.1611
0.06432 -17.1469
0.06566 -17.1324
0.067 -17.1175
0.06834 -17.1023
0.06968 -17.0868
0.07102 -17.0709
0.07236 -17.0547
0.0737 -17.0382
0.07504 -17.0213
0.07638 -17.004
0.07772 -16.9864
0.07906 -16.9684
0.0804 -16.9501
0.08174 -16.9314
0.08308 -16.9124
0.08442 -16.893
0.08576 -16.8732
0.0871 -16.8531
0.08844 -16.8326
0.08978 -16.8117
0.09112 -16.7904
0.09246 -16.7687
0.0938 -16.7467
0.09514 -16.7243
0.09648 -16.7015
0.09782 -16.6783
0.09916 -16.6547
0.1005 -16.6307
0.10184 -16.6063
0.10318 -16.5815
0.10452 -16.5563
0.10586 -16.5307
0.1072 -16.5047
0.10854 -16.4783
0.10988 -16.4515
0.11122 -16.4242
0.11256 -16.3965
0.1139 -16.3684
0.11524 -16.3399
0.11658 -16.3109
0.11792 -16.2815
0.11926 -16.2517
0.1206 -16.2214
0.12194 -16.1906
0.12328 -16.1595
0.12462 -16.1278
0.12596 -16.0958
0.1273 -16.0632
0.12864 -16.0302
0.12998 -15.9968
0.13132 -15.9629
0.13266 -15.9285
0.134 -15.8936
0.13534 -15.8583
0.13668 -15.8225
0.13802 -15.7862
0.13936 -15.7494
0.1407 -15.7122
0.14204 -15.6744
0.14338 -15.6362
0.14472 -15.5975
0.14606 -15.5582
0.1474 -15.5185
0.14874 -15.4782
0.15008 -15.4375
0.15142 -15.3962
0.15276 -15.3545
0.1541 -15.3122
0.15544 -15.2694
0.15678 -15.226
0.15812 -15.1822
0.15946 -15.1378
0.1608 -15.0929
0.16214 -15.0474
0.16348 -15.0015
0.16482 -14.9549
0.16616 -14.9079
0.1675 -14.8602
0.16884 -14.8121
0.17018 -14.7634
0.17152 -14.7141
0.17286 -14.6643
0.1742 -14.6139
0.17554 -14.563
0.17688 -14.5115
0.17822 -14.4594
0.17956 -14.4068
0.1809 -14.3536
0.18224 -14.2998
0.18358 -14.2455
0.18492 -14.1906
0.18626 -14.1351
0.1876 -14.079
0.18894 -14.0223
0.19028 -13.965
0.19162 -13.9072
0.19296 -13.8488
0.1943 -13.7897
0.19564 -13.7301
0.19698 -13.6699
0.19832 -13.6091
0.19966 -13.5477
0.201 -13.4857
0.20234 -13.4231
0.20368 -13.3599
0.20502 -13.2961
0.20636 -13.2317
0.2077 -13.1666
0.20904 -13.101
0.21038 -13.0348
0.21172 -12.9679
0.21306 -12.9004
0.2144 -12.8324
0.21574 -12.7637
0.21708 -12.6944
0.21842 -12.6244
0.21976 -12.5539
0.2211 -12.4827
0.22244 -12.411
0.22378 -12.3386
0.22512 -12.2656
0.22646 -12.192
0.2278 -12.1177
0.22914 -12.0429
0.23048 -11.9674
0.23182 -11.8913
0.23316 -11.8146
0.2345 -11.7373
0.23584 -11.6593
0.23718 -11.5808
0.23852 -11.5016
0.23986 -11.4218
0.2412 -11.3414
0.24254 -11.2604
0.24388 -11.1787
0.24522 -11.0965
0.24656 -11.0136
0.2479 -10.9302
0.24924 -10.8461
0.25058 -10.7614
0.25192 -10.6761
0.25326 -10.5903
0.2546 -10.5038
0.25594 -10.4167
0.25728 -10.329
0.25862 -10.2407
0.25996 -10.1518
0.2613 -10.0623
0.26264 -9.97228
0.26398 -9.88163
0.26532 -9.79039
0.26666 -9.69857
0.268 -9.60617
0.26934 -9.5132
0.27068 -9.41965
0.27202 -9.32553
0.27336 -9.23084
0.2747 -9.13559
0.27604 -9.03977
0.27738 -8.9434
0.27872 -8.84647
0.28006 -8.74899
0.2814 -8.65097
0.28274 -8.5524
0.28408 -8.45329
0.28542 -8.35365
0.28676 -8.25347
0.2881 -8.15277
0.28944 -8.05155
0.29078 -7.94981
0.29212 -7.84755
0.29346 -7.74479
0.2948 -7.64152
0.29614 -7.53776
0.29748 -7.4335
0.29882 -7.32875
0.30016 -7.22352
0.3015 -7.1178
0.30284 -7.01162
0.30418 -6.90497
0.30552 -6.79786
0.30686 -6.69029
0.3082 -6.58227
0.30954 -6.4738
0.31088 -6.3649
0.31222 -6.25557
0.31356 -6.1458
0.3149 -6.03562
0.31624 -5.92503
0.31758 -5.81403
0.31892 -5.70262
0.32026 -5.59082
0.3216 -5.47864
0.32294 -5.36608
0.32428 -5.25314
0.32562 -5.13983
0.32696 -5.02617
0.3283 -4.91215
0.32964 -4.79778
0.33098 -4.68308
0.33232 -4.56805
0.33366 -4.4527
0.335 -4.33703
0.33634 -4.22105
0.33768 -4.10477
0.33902 -3.98819
0.34036 -3.87134
0.3417 -3.7542
0.34304 -3.6368
0.34438 -3.51913
0.34572 -3.40121
0.34706 -3.28305
0.3484 -3.16465
0.34974 -3.04602
0.35108 -2.92717
0.35242 -2.8081
0.35376 -2.68884
0.3551 -2.56937
0.35644 -2.44973
0.35778 -2.3299
0.35912 -2.2099
0.36046 -2.08974
0.3618 -1.96943
0.36314 -1.84897
0.36448 -1.72838
0.36582 -1.60767
0.36716 -1.48683
0.3685 -1.36588
0.36984 -1.24484
0.37118 -1.1237
0.37252 -1.00248
0.37386 -0.881191
0.3752 -0.759833
0.37654 -0.638419
0.37788 -0.516959
0.37922 -0.39546
0.38056 -0.273932
0.3819 -0.152384
0.38324 -0.0308241
0.38458 0.0907376
0.38592 0.212293
0.38726 0.333832
0.3886 0.455347
0.38994 0.576828
0.39128 0.698267
0.39262 0.819654
0.39396 0.940981
0.3953 1.06224
0.39664 1.18342
0.39798 1.30451
0.39932 1.42551
0.40066 1.5464
0.402 1.66718
0.40334 1.78784
0.40468 1.90836
0.40602 2.02875
0.40736 2.14898
0.4087 2.26906
0.41004 2.38898
0.41138 2.50872
0.41272 2.62828
0.41406 2.74764
0.4154 2.86681
0.41674 2.98577
0.41808 3.10451
0.41942 3.22303
0.42076 3.34132
0.4221 3.45936
0.42344 3.57716
0.42478 3.69469
0.42612 3.81197
0.42746 3.92897
0.4288 4.04568
0.43014 4.16211
0.43148 4.27825
0.43282 4.39407
0.43416 4.50959
0.4355 4.62479
0.43684 4.73966
0.43818 4.85419
0.43952 4.96839
0.44086 5.08223
0.4422 5.19572
0.44354 5.30885
0.44488 5.4216
0.44622 5.53398
0.44756 5.64597
0.4489 5.75758
0.45024 5.86879
0.45158 5.97959
0.45292 6.08998
0.45426 6.19995
0.4556 6.30951
0.45694 6.41863
0.45828 6.52732
0.45962 6.63556
0.46096 6.74336
0.4623 6.85071
0.46364 6.95759
0.46498 7.06401
0.46632 7.16997
0.46766 7.27544
0.469 7.38044
0.47034 7.48494
0.47168 7.58896
0.47302 7.69248
0.47436 7.7955
0.4757 7.89801
0.47704 8.00002
0.47838 8.1015
0.47972 8.20247
0.48106 8.30291
0.4824 8.40282
0.48374 8.5022
0.48508 8.60105
0.48642 8.69935
0.48776 8.7971
0.4891 8.89431
0.49044 8.99097
0.49178 9.08706
0.49312 9.1826
0.49446 9.27758
0.4958 9.37199
0.49714 9.46583
0.49848 9.5591
0.49982 9.65179
0.50116 9.7439
0.5025 9.83543
0.50384 9.92638
0.50518 10.0167
0.50652 10.1065
0.50786 10.1957
0.5092 10.2843
0.51054 10.3723
0.51188 10.4597
0.51322 10.5465
0.51456 10.6327
0.5159 10.7183
0.51724 10.8032
0.51858 10.8876
0.51992 10.9714
0.52126 11.0546
0.5226 11.1371
0.52394 11.2191
0.52528 11.3004
0.52662 11.3811
0.52796 11.4612
0.5293 11.5407
0.53064 11.6196
0.53198 11.6978
0.53332 11.7755
0.53466 11.8525
0.536 11.9289
0.53734 12.0047
0.53868 12.0798
0.54002 12.1544
0.54136 12.2283
0.5427 12.3016
0.54404 12.3743
0.54538 12.4464
0.54672 12.5179
0.54806 12.5887
0.5494 12.659
0.55074 12.7286
0.55208 12.7976
0.55342 12.866
0.55476 12.9338
0.5561 13.0009
0.55744 13.0675
0.55878 13.1334
0.56012 13.1988
0.56146 13.2635
0.5628 13.3276
0.56414 13.3911
0.56548 13.454
0.56682 13.5163
0.56816 13.5781
0.5695 13.6392
0.57084 13.6997
0.57218 13.7596
0.57352 13.8189
0.57486 13.8776
0.5762 13.9358
0.57754 13.9933
0.57888 14.0503
0.58022 14.1067
0.58156 14.1625
0.5829 14.2177
0.58424 14.2723
0.58558 14.3264
0.58692 14.3799
0.58826 14.4328
0.5896 14.4852
0.59094 14.537
0.59228 14.5882
0.59362 14.6388
0.59496 14.6889
0.5963 14.7385
0.59764 14.7875
0.59898 14.8359
0.60032 14.8838
0.60166 14.9311
0.603 14.9779
0.60434 15.0242
0.60568 15.0699
0.60702 15.1151
0.60836 15.1597
0.6097 15.2039
0.61104 15.2475
0.61238 15.2905
0.61372 15.3331
0.61506 15.3751
0.6164 15.4166
0.61774 15.4576
0.61908 15.4981
0.62042 15.5381
0.62176 15.5776
0.6231 15.6166
0.62444 15.6551
0.62578 15.6931
0.62712 15.7306
0.62846 15.7676
0.6298 15.8042
0.63114 15.8402
0.63248 15.8758
0.63382 15.9109
0.63516 15.9455
0.6365 15.9797
0.63784 16.0133
0.63918 16.0466
0.64052 16.0793
0.64186 16.1116
0.6432 16.1435
0.64454 16.1749
0.64588 16.2058
0.64722 16.2364
0.64856 16.2664
0.6499 16.296
0.65124 16.3252
0.65258 16.354
0.65392 16.3823
0.65526 16.4102
0.6566 16.4377
0.65794 16.4648
0.65928 16.4914
0.66062 16.5176
0.66196 16.5434
0.6633 16.5688
0.66464 16.5938
0.66598 16.6184
0.66732 16.6426
0.66866 16.6664
0.67 16.6898
0.67134 16.7128
0.67268 16.7354
0.67402 16.7576
0.67536 16.7795
0.6767 16.8009
0.67804 16.822
0.67938 16.8427
0.68072 16.863
0.68206 16.883
0.6834 16.9026
0.68474 16.9218
0.68608 16.9407
0.68742 16.9592
0.68876 16.9773
0.6901 16.9951
0.69144 17.0126
0.69278 17.0296
0.69412 17.0464
0.69546 17.0628
0.6968 17.0788
0.69814 17.0945
0.69948 17.1099
0.70082 17.1249
0.70216 17.1396
0.7035 17.1539
0.70484 17.1679
0.70618 17.1816
0.70752 17.195
0.70886 17.208
0.7102 17.2207
0.71154 17.2331
0.71288 17.2452
0.71422 17.257
0.71556 17.2684
0.7169 17.2795
0.71824 17.2903
0.71958 17.3008
0.72092 17.311
0.72226 17.3209
0.7236 17.3305
0.72494 17.3397
0.72628 17.3487
0.72762 17.3573
0.72896 17.3657
0.7303 17.3738
0.73164 17.3815
0.73298 17.389
0.73432 17.3961
0.73566 17.403
0.737 17.4096
0.73834 17.4159
0.73968 17.4218
0.74102 17.4275
0.74236 17.4329
0.7437 17.4381
0.74504 17.4429
0.74638 17.4474
0.74772 17.4517
0.74906 17.4557
0.7504 17.4593
0.75174 17.4627
0.75308 17.4658
0.75442 17.4687
0.75576 17.4712
0.7571 17.4735
0.75844 17.4754
0.75978 17.4771
0.76112 17.4786
0.76246 17.4797
0.7638 17.4805
0.76514 17.4811
0.76648 17.4814
0.76782 17.4814
0.76916 17.4811
0.7705 17.4805
0.77184 17.4797
0.77318 17.4786
0.77452 17.4772
0.77586 17.4755
0.7772 17.4735
0.77854 17.4712
0.77988 17.4687
0.78122 17.4659
0.78256 17.4628
0.7839 17.4594
0.78524 17.4557
0.78658 17.4517
0.78792 17.4475
0.78926 17.443
0.7906 17.4381
0.79194 17.433
0.79328 17.4276
0.79462 17.4219
0.79596 17.4159
0.7973 17.4097
0.79864 17.4031
0.79998 17.3962
0.80132 17.3891
0.80266 17.3816
0.804 17.3739
0.80534 17.3658
0.80668 17.3575
0.80802 17.3488
0.80936 17.3399
0.8107 17.3306
0.81204 17.321
0.81338 17.3112
0.81472 17.301
0.81606 17.2905
0.8174 17.2797
0.81874 17.2686
0.82008 17.2571
0.82142 17.2454
0.82276 17.2333
0.8241 17.2209
0.82544 17.2082
0.82678 17.1952
0.82812 17.1818
0.82946 17.1681
0.8308 17.1541
0.83214 17.1398
0.83348 17.1251
0.83482 17.1101
0.83616 17.0947
0.8375 17.079
0.83884 17.063
0.84018 17.0466
0.84152 17.0299
0.84286 17.0128
0.8442 16.9954
0.84554 16.9776
0.84688 16.9595
0.84822 16.941
0.84956 16.9221
0.8509 16.9029
0.85224 16.8833
0.85358 16.8633
0.85492 16.843
0.85626 16.8223
0.8576 16.8012
0.85894 16.7798
0.86028 16.7579
0.86162 16.7357
0.86296 16.7131
0.8643 16.6901
0.86564 16.6667
0.86698 16.6429
0.86832 16.6187
0.86966 16.5942
0.871 16.5692
0.87234 16.5438
0.87368 16.518
0.87502 16.4918
0.87636 16.4651
0.8777 16.4381
0.87904 16.4106
0.88038 16.3827
0.88172 16.3544
0.88306 16.3256
0.8844 16.2965
0.88574 16.2668
0.88708 16.2368
0.88842 16.2063
0.88976 16.1753
0.8911 16.1439
0.89244 16.1121
0.89378 16.0798
0.89512 16.047
0.89646 16.0138
0.8978 15.9801
0.89914 15.946
0.90048 15.9114
0.90182 15.8763
0.90316 15.8407
0.9045 15.8047
0.90584 15.7681
0.90718 15.7311
0.90852 15.6936
0.90986 15.6556
0.9112 15.6172
0.91254 15.5782
0.91388 15.5387
0.91522 15.4987
0.91656 15.4582
0.9179 15.4172
0.91924 15.3757
0.92058 15.3337
0.92192 15.2911
0.92326 15.2481
0.9246 15.2045
0.92594 15.1604
0.92728 15.1157
0.92862 15.0706
0.92996 15.0248
0.9313 14.9786
0.93264 14.9318
0.93398 14.8845
0.93532 14.8366
0.93666 14.7882
0.938 14.7392
0.93934 14.6896
0.94068 14.6395
0.94202 14.5889
0.94336 14.5377
0.9447 14.4859
0.94604 14.4336
0.94738 14.3807
0.94872 14.3272
0.95006 14.2731
0.9514 14.2185
0.95274 14.1633
0.95408 14.1075
0.95542 14.0511
0.95676 13.9942
0.9581 13.9366
0.95944 13.8785
0.96078 13.8198
0.96212 13.7604
0.96346 13.7005
0.9648 13.64
0.96614 13.5789
0.96748 13.5172
0.96882 13.4549
0.97016 13.392
0.9715 13.3285
0.97284 13.2644
0.97418 13.1997
0.97552 13.1344
0.97686 13.0684
0.9782 13.0019
0.97954 12.9347
0.98088 12.867
0.98222 12.7986
0.98356 12.7296
0.9849 12.66
0.98624 12.5897
0.98758 12.5189
0.98892 12.4474
0.99026 12.3754
0.9916 12.3027
0.99294 12.2294
0.99428 12.1555
0.99562 12.0809
0.99696 12.0058
0.9983 11.93
0.99964 11.8536
1.00098 11.7766
1.00232 11.6989
1.00366 11.6207
1.005 11.5418
1.00634 11.4623
1.00768 11.3823
1.00902 11.3015
1.01036 11.2202
1.0117 11.1383
1.01304 11.0557
1.01438 10.9726
1.01572 10.8888
1.01706 10.8045
1.0184 10.7195
1.01974 10.6339
1.02108 10.5477
1.02242 10.4609
1.02376 10.3735
1.0251 10.2855
1.02644 10.197
1.02778 10.1078
1.02912 10.018
1.03046 9.92767
1.0318 9.83673
1.03314 9.74521
1.03448 9.65311
1.03582 9.56042
1.03716 9.46716
1.0385 9.37333
1.03984 9.27893
1.04118 9.18396
1.04252 9.08843
1.04386 8.99234
1.0452 8.8957
1.04654 8.7985
1.04788 8.70075
1.04922 8.60245
1.05056 8.50362
1.0519 8.40425
1.05324 8.30434
1.05458 8.20391
1.05592 8.10295
1.05726 8.00147
1.0586 7.89947
1.05994 7.79697
1.06128 7.69396
1.06262 7.59044
1.06396 7.48643
1.0653 7.38193
1.06664 7.27694
1.06798 7.17147
1.06932 7.06553
1.07066 6.95912
1.072 6.85224
1.07334 6.7449
1.07468 6.63711
1.07602 6.52887
1.07736 6.42018
1.0787 6.31107
1.08004 6.20152
1.08138 6.09155
1.08272 5.98117
1.08406 5.87037
1.0854 5.75917
1.08674 5.64757
1.08808 5.53558
1.08942 5.42321
1.09076 5.31046
1.0921 5.19734
1.09344 5.08386
1.09478 4.97002
1.09612 4.85583
1.09746 4.7413
1.0988 4.62643
1.10014 4.51124
1.10148 4.39573
1.10282 4.2799
1.10416 4.16377
1.1055 4.04735
1.10684 3.93063
1.10818 3.81364
1.10952 3.69637
1.11086 3.57884
1.1122 3.46104
1.11354 3.343
1.11488 3.22472
1.11622 3.10621
1.11756 2.98747
1.1189 2.86851
1.12024 2.74935
1.12158 2.62998
1.12292 2.51043
1.12426 2.39069
1.1256 2.27078
1.12694 2.1507
1.12828 2.03046
1.12962 1.91008
1.13096 1.78956
1.1323 1.6689
1.13364 1.54812
1.13498 1.42723
1.13632 1.30624
1.13766 1.18515
1.139 1.06397
1.14034 0.942712
1.14168 0.821386
1.14302 0.7
1.14436 0.578562
1.1457 0.457081
1.14704 0.335567
1.14838 0.214028
1.14972 0.0924727
1.15106 -0.0290889
1.1524 -0.150648
1.15374 -0.272197
1.15508 -0.393725
1.15642 -0.515225
1.15776 -0.636686
1.1591 -0.7581
1.16044 -0.879459
1.16178 -1.00075
1.16312 -1.12197
1.16446 -1.24311
1.1658 -1.36416
1.16714 -1.4851
1.16848 -1.60594
1.16982 -1.72666
1.17116 -1.84725
1.1725 -1.96771
1.17384 -2.08803
1.17518 -2.20819
1.17652 -2.32819
1.17786 -2.44802
1.1792 -2.56767
1.18054 -2.68713
1.18188 -2.8064
1.18322 -2.92547
1.18456 -3.04432
1.1859 -3.16296
1.18724 -3.28136
1.18858 -3.39953
1.18992 -3.51745
1.19126 -3.63512
1.1926 -3.75253
1.19394 -3.86967
1.19528 -3.98653
1.19662 -4.1031
1.19796 -4.21939
1.1993 -4.33537
1.20064 -4.45105
1.20198 -4.56641
1.20332 -4.68144
1.20466 -4.79615
1.206 -4.91052
1.20734 -5.02454
1.20868 -5.13821
1.21002 -5.25152
1.21136 -5.36447
1.2127 -5.47704
1.21404 -5.58923
1.21538 -5.70103
1.21672 -5.81244
1.21806 -5.92345
1.2194 -6.03405
1.22074 -6.14423
1.22208 -6.254
1.22342 -6.36334
1.22476 -6.47225
1.2261 -6.58072
1.22744 -6.68875
1.22878 -6.79632
1.23012 -6.90344
1.23146 -7.0101
1.2328 -7.11629
1.23414 -7.22201
1.23548 -7.32725
1.23682 -7.43201
1.23816 -7.53627
1.2395 -7.64005
1.24084 -7.74332
1.24218 -7.84609
1.24352 -7.94835
1.24486 -8.0501
1.2462 -8.15133
1.24754 -8.25204
1.24888 -8.35222
1.25022 -8.45187
1.25156 -8.55099
1.2529 -8.64956
1.25424 -8.7476
1.25558 -8.84508
1.25692 -8.94202
1.25826 -9.0384
1.2596 -9.13422
1.26094 -9.22948
1.26228 -9.32418
1.26362 -9.41831
1.26496 -9.51187
1.2663 -9.60485
1.26764 -9.69726
1.26898 -9.78909
1.27032 -9.88033
1.27166 -9.97099
1.273 -10.0611
1.27434 -10.1505
1.27568 -10.2394
1.27702 -10.3277
1.27836 -10.4154
1.2797 -10.5025
1.28104 -10.589
1.28238 -10.6749
1.28372 -10.7602
1.28506 -10.8449
1.2864 -10.929
1.28774 -11.0125
1.28908 -11.0953
1.29042 -11.1776
1.29176 -11.2592
1.2931 -11.3402
1.29444 -11.4207
1.29578 -11.5005
1.29712 -11.5796
1.29846 -11.6582
1.2998 -11.7362
1.30114 -11.8135
1.30248 -11.8902
1.30382 -11.9663
1.30516 -12.0418
1.3065 -12.1167
1.30784 -12.1909
1.30918 -12.2645
1.31052 -12.3376
1.31186 -12.4099
1.3132 -12.4817
1.31454 -12.5529
1.31588 -12.6234
1.31722 -12.6934
1.31856 -12.7627
1.3199 -12.8314
1.32124 -12.8995
1.32258 -12.9669
1.32392 -13.0338
1.32526 -13.1001
1.3266 -13.1657
1.32794 -13.2307
1.32928 -13.2952
1.33062 -13.359
1.33196 -13.4222
1.3333 -13.4848
1.33464 -13.5468
1.33598 -13.6082
1.33732 -13.6691
1.33866 -13.7293
1.34 -13.7889
1.34134 -13.8479
1.34268 -13.9064
1.34402 -13.9642
1.34536 -14.0215
1.3467 -14.0782
1.34804 -14.1343
1.34938 -14.1898
1.35072 -14.2447
1.35206 -14.2991
1.3534 -14.3528
1.35474 -14.406
1.35608 -14.4587
1.35742 -14.5108
1.35876 -14.5623
1.3601 -14.6132
1.36144 -14.6636
1.36278 -14.7134
1.36412 -14.7627
1.36546 -14.8114
1.3668 -14.8596
1.36814 -14.9072
1.36948 -14.9543
1.37082 -15.0008
1.37216 -15.0468
1.3735 -15.0922
1.37484 -15.1372
1.37618 -15.1816
1.37752 -15.2254
1.37886 -15.2688
1.3802 -15.3116
1.38154 -15.3539
1.38288 -15.3956
1.38422 -15.4369
1.38556 -15.4777
1.3869 -15.5179
1.38824 -15.5577
1.38958 -15.5969
1.39092 -15.6356
1.39226 -15.6739
1.3936 -15.7116
1.39494 -15.7489
1.39628 -15.7857
1.39762 -15.822
1.39896 -15.8578
1.4003 -15.8931
1.40164 -15.928
1.40298 -15.9624
1.40432 -15.9963
1.40566 -16.0298
1.407 -16.0628
1.40834 -16.0953
1.40968 -16.1274
1.41102 -16.159
1.41236 -16.1902
1.4137 -16.2209
1.41504 -16.2512
1.41638 -16.2811
1.41772 -16.3105
1.41906 -16.3395
1.4204 -16.368
1.42174 -16.3961
1.42308 -16.4238
1.42442 -16.4511
1.42576 -16.4779
1.4271 -16.5044
1.42844 -16.5304
1.42978 -16.556
1.43112 -16.5812
1.43246 -16.606
1.4338 -16.6304
1.43514 -16.6544
1.43648 -16.678
1.43782 -16.7012
1.43916 -16.724
1.4405 -16.7464
1.44184 -16.7684
1.44318 -16.7901
1.44452 -16.8114
1.44586 -16.8323
1.4472 -16.8528
1.44854 -16.8729
1.44988 -16.8927
1.45122 -16.9121
1.45256 -16.9312
1.4539 -16.9499
1.45524 -16.9682
1.45658 -16.9861
1.45792 -17.0038
1.45926 -17.021
1.4606 -17.0379
1.46194 -17.0545
1.46328 -17.0707
1.46462 -17.0866
1.46596 -17.1021
1.4673 -17.1173
1.46864 -17.1322
1.46998 -17.1467
1.47132 -17.1609
1.47266 -17.1747
1.474 -17.1883
1.47534 -17.2015
1.47668 -17.2143
1.47802 -17.2269
1.47936 -17.2391
1.4807 -17.251
1.48204 -17.2626
1.48338 -17.2739
1.48472 -17.2849
1.48606 -17.2955
1.4874 -17.3059
1.48874 -17.3159
1.49008 -17.3256
1.49142 -17.3351
1.49276 -17.3442
1.4941 -17.353
1.49544 -17.3615
1.49678 -17.3697
1.49812 -17.3776
1.49946 -17.3852
1.5008 -17.3925
1.50214 -17.3996
1.50348 -17.4063
1.50482 -17.4127
1.50616 -17.4188
1.5075 -17.4247
1.50884 -17.4302
1.51018 -17.4355
1.51152 -17.4405
1.51286 -17.4452
1.5142 -17.4496
1.51554 -17.4537
1.51688 -17.4575
1.51822 -17.461
1.51956 -17.4643
1.5209 -17.4673
1.52224 -17.47
1.52358 -17.4724
1.52492 -17.4745
1.52626 -17.4763
1.5276 -17.4779
1.52894 -17.4791
1.53028 -17.4801
1.53162 -17.4808
1.53296 -17.4813
1.5343 -17.4814
1.53564 -17.4813
1.53698 -17.4809
1.53832 -17.4802
1.53966 -17.4792
1.541 -17.4779
1.54234 -17.4764
1.54368 -17.4745
1.54502 -17.4724
1.54636 -17.47
1.5477 -17.4674
1.54904 -17.4644
1.55038 -17.4611
1.55172 -17.4576
1.55306 -17.4538
1.5544 -17.4497
1.55574 -17.4453
1.55708 -17.4406
1.55842 -17.4357
1.55976 -17.4304
1.5611 -17.4249
1.56244 -17.419
1.56378 -17.4129
1.56512 -17.4065
1.56646 -17.3998
1.5678 -17.3927
1.56914 -17.3854
1.57048 -17.3778
1.57182 -17.3699
1.57316 -17.3617
1.5745 -17.3532
1.57584 -17.3444
1.57718 -17.3353
1.57852 -17.3259
1.57986 -17.3162
1.5812 -17.3062
1.58254 -17.2958
1.58388 -17.2852
1.58522 -17.2742
1.58656 -17.263
1.5879 -17.2514
1.58924 -17.2395
1.59058 -17.2272
1.59192 -17.2147
1.59326 -17.2018
1.5946 -17.1886
1.59594 -17.1751
1.59728 -17.1613
1.59862 -17.1471
1.59996 -17.1326
1.6013 -17.1177
1.60264 -17.1026
1.60398 -17.087
1.60532 -17.0712
1.60666 -17.055
1.608 -17.0384
1.60934 -17.0215
1.61068 -17.0043
1.61202 -16.9867
1.61336 -16.9687
1.6147 -16.9504
1.61604 -16.9317
1.61738 -16.9127
1.61872 -16.8933
1.62006 -16.8735
1.6214 -16.8534
1.62274 -16.8328
1.62408 -16.812
1.62542 -16.7907
1.62676 -16.7691
1.6281 -16.747
1.62944 -16.7246
1.63078 -16.7018
1.63212 -16.6786
1.63346 -16.655
1.6348 -16.6311
1.63614 -16.6067
1.63748 -16.5819
1.63882 -16.5567
1.64016 -16.5311
1.6415 -16.5051
1.64284 -16.4787
1.64418 -16.4519
1.64552 -16.4246
1.64686 -16.3969
1.6482 -16.3688
1.64954 -16.3403
1.65088 -16.3113
1.65222 -16.2819
1.65356 -16.2521
1.6549 -16.2218
1.65624 -16.1911
1.65758 -16.1599
1.65892 -16.1283
1.66026 -16.0962
1.6616 -16.0637
1.66294 -16.0307
1.66428 -15.9973
1.66562 -15.9634
1.66696 -15.929
1.6683 -15.8941
1.66964 -15.8588
1.67098 -15.823
1.67232 -15.7867
1.67366 -15.75
1.675 -15.7127
1.67634 -15.675
1.67768 -15.6367
1.67902 -15.598
1.68036 -15.5588
1.6817 -15.5191
1.68304 -15.4788
1.68438 -15.4381
1.68572 -15.3968
1.68706 -15.3551
1.6884 -15.3128
1.68974 -15.27
1.69108 -15.2267
1.69242 -15.1828
1.69376 -15.1384
1.6951 -15.0935
1.69644 -15.0481
1.69778 -15.0021
1.69912 -14.9556
1.70046 -14.9085
1.7018 -14.8609
1.70314 -14.8128
1.70448 -14.7641
1.70582 -14.7148
1.70716 -14.665
1.7085 -14.6147
1.70984 -14.5637
1.71118 -14.5122
1.71252 -14.4602
1.71386 -14.4076
1.7152 -14.3544
1.71654 -14.3006
1.71788 -14.2463
1.71922 -14.1913
1.72056 -14.1359
1.7219 -14.0798
1.72324 -14.0231
1.72458 -13.9659
1.72592 -13.908
1.72726 -13.8496
1.7286 -13.7906
1.72994 -13.731
1.73128 -13.6708
1.73262 -13.61
1.73396 -13.5486
1.7353 -13.4866
1.73664 -13.424
1.73798 -13.3608
1.73932 -13.297
1.74066 -13.2326
1.742 -13.1676
1.74334 -13.1019
1.74468 -13.0357
1.74602 -12.9689
1.74736 -12.9014
1.7487 -12.8333
1.75004 -12.7646
1.75138 -12.6953
1.75272 -12.6254
1.75406 -12.5549
1.7554 -12.4838
1.75674 -12.412
1.75808 -12.3396
1.75942 -12.2666
1.76076 -12.193
1.7621 -12.1188
1.76344 -12.0439
1.76478 -11.9685
1.76612 -11.8924
1.76746 -11.8157
1.7688 -11.7384
1.77014 -11.6604
1.77148 -11.5819
1.77282 -11.5027
1.77416 -11.4229
1.7755 -11.3426
1.77684 -11.2615
1.77818 -11.1799
1.77952 -11.0977
1.78086 -11.0148
1.7822 -10.9314
1.78354 -10.8473
1.78488 -10.7626
1.78622 -10.6774
1.78756 -10.5915
1.7889 -10.505
1.79024 -10.4179
1.79158 -10.3302
1.79292 -10.242
1.79426 -10.1531
1.7956 -10.0636
1.79694 -9.97357
1.79828 -9.88293
1.79962 -9.7917
1.80096 -9.69989
1.8023 -9.6075
1.80364 -9.51453
1.80498 -9.42099
1.80632 -9.32688
1.80766 -9.2322
1.809 -9.13695
1.81034 -9.04114
1.81168 -8.94478
1.81302 -8.84786
1.81436 -8.75039
1.8157 -8.65237
1.81704 -8.55381
1.81838 -8.45471
1.81972 -8.35508
1.82106 -8.25491
1.8224 -8.15422
1.82374 -8.053
1.82508 -7.95127
1.82642 -7.84902
1.82776 -7.74626
1.8291 -7.643
1.83044 -7.53924
1.83178 -7.43499
1.83312 -7.33025
1.83446 -7.22502
1.8358 -7.11932
1.83714 -7.01314
1.83848 -6.9065
1.83982 -6.79939
1.84116 -6.69183
1.8425 -6.58381
1.84384 -6.47536
1.84518 -6.36646
1.84652 -6.25713
1.84786 -6.14738
1.8492 -6.0372
1.85054 -5.92661
1.85188 -5.81561
1.85322 -5.70422
1.85456 -5.59243
1.8559 -5.48025
1.85724 -5.36769
1.85858 -5.25475
1.85992 -5.14145
1.86126 -5.02779
1.8626 -4.91378
1.86394 -4.79942
1.86528 -4.68473
1.86662 -4.5697
1.86796 -4.45435
1.8693 -4.33868
1.87064 -4.22271
1.87198 -4.10643
1.87332 -3.98986
1.87466 -3.87301
1.876 -3.75588
1.87734 -3.63848
1.87868 -3.52081
1.88002 -3.4029
1.88136 -3.28474
1.8827 -3.16634
1.88404 -3.04771
1.88538 -2.92887
1.88672 -2.80981
1.88806 -2.69054
1.8894 -2.57108
1.89074 -2.45144
1.89208 -2.33161
1.89342 -2.21162
1.89476 -2.09146
1.8961 -1.97115
1.89744 -1.8507
1.89878 -1.73011
1.90012 -1.60939
1.90146 -1.48856
1.9028 -1.36761
1.90414 -1.24657
1.90548 -1.12543
1.90682 -1.00422
1.90816 -0.882925
1.9095 -0.761568
1.91084 -0.640155
1.91218 -0.518694
1.91352 -0.397196
1.91486 -0.275668
1.9162 -0.15412
1.91754 -0.0325611
1.91888 0.0890007
1.92022 0.210556
1.92156 0.332096
1.9229 0.453611
1.92424 0.575092
1.92558 0.696532
1.92692 0.81792
1.92826 0.939248
1.9296 1.06051
1.93094 1.18169
1.93228 1.30278
1.93362 1.42378
1.93496 1.54467
1.9363 1.66545
1.93764 1.78611
1.93898 1.90664
1.94032 2.02703
1.94166 2.14727
1.943 2.26735
1.94434 2.38727
1.94568 2.50701
1.94702 2.62657
1.94836 2.74594
1.9497 2.86511
1.95104 2.98407
1.95238 3.10282
1.95372 3.22134
1.95506 3.33963
1.9564 3.45768
1.95774 3.57548
1.95908 3.69302
1.96042 3.81029
1.96176 3.9273
1.9631 4.04402
1.96444 4.16045
1.96578 4.27659
1.96712 4.39242
1.96846 4.50794
1.9698 4.62314
1.97114 4.73802
1.97248 4.85256
1.97382 4.96676
1.97516 5.08061
1.9765 5.1941
1.97784 5.30723
1.97918 5.41999
1.98052 5.53238
1.98186 5.64438
1.9832 5.75599
1.98454 5.8672
1.98588 5.97801
1.98722 6.08841
1.98856 6.19839
1.9899 6.30795
1.99124 6.41707
1.99258 6.52577
1.99392 6.63402
1.99526 6.74183
1.9966 6.84918
1.99794 6.95607
1.99928 7.0625
2.00062 7.16846
2.00196 7.27394
2.0033 7.37894
2.00464 7.48346
2.00598 7.58748
2.00732 7.69101
2.00866 7.79403
2.01 7.89655
2.01134 7.99856
2.01268 8.10006
2.01402 8.20103
2.01536 8.30148
2.0167 8.4014
2.01804 8.50079
2.01938 8.59964
2.02072 8.69795
2.02206 8.79571
2.0234 8.89293
2.02474 8.98959
2.02608 9.0857
2.02742 9.18124
2.02876 9.27623
2.0301 9.37064
2.03144 9.46449
2.03278 9.55777
2.03412 9.65047
2.03546 9.74259
2.0368 9.83413
2.03814 9.92509
2.03948 10.0155
2.04082 10.1052
2.04216 10.1944
2.0435 10.283
2.04484 10.371
2.04618 10.4584
2.04752 10.5452
2.04886 10.6314
2.0502 10.717
2.05154 10.802
2.05288 10.8864
2.05422 10.9702
2.05556 11.0534
2.0569 11.1359
2.05824 11.2179
2.05958 11.2992
2.06092 11.38
2.06226 11.4601
2.0636 11.5396
2.06494 11.6184
2.06628 11.6967
2.06762 11.7744
2.06896 11.8514
2.0703 11.9278
2.07164 12.0036
2.07298 12.0788
2.07432 12.1533
2.07566 12.2273
2.077 12.3006
2.07834 12.3733
2.07968 12.4454
2.08102 12.5169
2.08236 12.5877
2.0837 12.658
2.08504 12.7276
2.08638 12.7966
2.08772 12.865
2.08906 12.9328
2.0904 13
2.09174 13.0665
2.09308 13.1325
2.09442 13.1978
2.09576 13.2626
2.0971 13.3267
2.09844 13.3902
2.09978 13.4531
2.10112 13.5155
2.10246 13.5772
2.1038 13.6383
2.10514 13.6988
2.10648 13.7587
2.10782 13.8181
2.10916 13.8768
2.1105 13.935
2.11184 13.9925
2.11318 14.0495
2.11452 14.1059
2.11586 14.1617
2.1172 14.2169
2.11854 14.2716
2.11988 14.3256
2.12122 14.3791
2.12256 14.4321
2.1239 14.4844
2.12524 14.5362
2.12658 14.5874
2.12792 14.6381
2.12926 14.6882
2.1306 14.7378
2.13194 14.7868
2.13328 14.8352
2.13462 14.8831
2.13596 14.9305
2.1373 14.9773
2.13864 15.0235
2.13998 15.0693
2.14132 15.1144
2.14266 15.1591
2.144 15.2032
2.14534 15.2468
2.14668 15.2899
2.14802 15.3325
2.14936 15.3745
2.1507 15.416
2.15204 15.4571
2.15338 15.4976
2.15472 15.5376
2.15606 15.5771
2.1574 15.6161
2.15874 15.6546
2.16008 15.6926
2.16142 15.7301
2.16276 15.7671
2.1641 15.8036
2.16544 15.8397
2.16678 15.8753
2.16812 15.9104
2.16946 15.945
2.1708 15.9792
2.17214 16.0129
2.17348 16.0461
2.17482 16.0789
2.17616 16.1112
2.1775 16.143
2.17884 16.1744
2.18018 16.2054
2.18152 16.2359
2.18286 16.266
2.1842 16.2956
2.18554 16.3248
2.18688 16.3536
2.18822 16.3819
2.18956 16.4098
2.1909 16.4373
2.19224 16.4644
2.19358 16.491
2.19492 16.5172
2.19626 16.5431
2.1976 16.5685
2.19894 16.5935
2.20028 16.6181
2.20162 16.6422
2.20296 16.666
2.2043 16.6894
2.20564 16.7125
2.20698 16.7351
2.20832 16.7573
2.20966 16.7792
2.211 16.8006
2.21234 16.8217
2.21368 16.8424
2.21502 16.8628
2.21636 16.8827
2.2177 16.9023
2.21904 16.9216
2.22038 16.9404
2.22172 16.9589
2.22306 16.9771
2.2244 16.9949
2.22574 17.0123
2.22708 17.0294
2.22842 17.0461
2.22976 17.0625
2.2311 17.0786
2.23244 17.0943
2.23378 17.1096
2.23512 17.1247
2.23646 17.1394
2.2378 17.1537
2.23914 17.1677
2.24048 17.1814
2.24182 17.1948
2.24316 17.2078
2.2445 17.2206
2.24584 17.233
2.24718 17.245
2.24852 17.2568
2.24986 17.2682
2.2512 17.2794
2.25254 17.2902
2.25388 17.3007
2.25522 17.3109
2.25656 17.3207
2.2579 17.3303
2.25924 17.3396
2.26058 17.3486
2.26192 17.3572
2.26326 17.3656
2.2646 17.3736
2.26594 17.3814
2.26728 17.3889
2.26862 17.396
2.26996 17.4029
2.2713 17.4095
2.27264 17.4158
2.27398 17.4218
2.27532 17.4275
2.27666 17.4329
2.278 17.438
2.27934 17.4428
2.28068 17.4474
2.28202 17.4516
2.28336 17.4556
2.2847 17.4593
2.28604 17.4627
2.28738 17.4658
2.28872 17.4686
2.29006 17.4712
2.2914 17.4734
2.29274 17.4754
2.29408 17.4771
2.29542 17.4785
2.29676 17.4797
2.2981 17.4805
2.29944 17.4811
2.30078 17.4814
2.30212 17.4814
2.30346 17.4811
2.3048 17.4806
2.30614 17.4797
2.30748 17.4786
2.30882 17.4772
2.31016 17.4755
2.3115 17.4735
2.31284 17.4713
2.31418 17.4687
2.31552 17.4659
2.31686 17.4628
2.3182 17.4594
2.31954 17.4558
2.32088 17.4518
2.32222 17.4476
2.32356 17.443
2.3249 17.4382
2.32624 17.4331
2.32758 17.4277
2.32892 17.422
2.33026 17.416
2.3316 17.4098
2.33294 17.4032
2.33428 17.3963
2.33562 17.3892
2.33696 17.3817
2.3383 17.374
2.33964 17.3659
2.34098 17.3576
2.34232 17.3489
2.34366 17.34
2.345 17.3307
2.34634 17.3212
2.34768 17.3113
2.34902 17.3011
2.35036 17.2906
2.3517 17.2798
2.35304 17.2687
2.35438 17.2573
2.35572 17.2455
2.35706 17.2335
2.3584 17.2211
2.35974 17.2084
2.36108 17.1954
2.36242 17.182
2.36376 17.1683
2.3651 17.1543
2.36644 17.14
2.36778 17.1253
2.36912 17.1103
2.37046 17.0949
2.3718 17.0793
2.37314 17.0632
2.37448 17.0468
2.37582 17.0301
2.37716 17.013
2.3785 16.9956
2.37984 16.9778
2.38118 16.9597
2.38252 16.9412
2.38386 16.9224
2.3852 16.9032
2.38654 16.8836
2.38788 16.8636
2.38922 16.8433
2.39056 16.8226
2.3919 16.8015
2.39324 16.7801
2.39458 16.7583
2.39592 16.736
2.39726 16.7134
2.3986 16.6904
2.39994 16.6671
2.40128 16.6433
2.40262 16.6191
2.40396 16.5945
2.4053 16.5695
2.40664 16.5442
2.40798 16.5184
2.40932 16.4921
2.41066 16.4655
2.412 16.4385
2.41334 16.411
2.41468 16.3831
2.41602 16.3548
2.41736 16.3261
2.4187 16.2969
2.42004 16.2673
2.42138 16.2372
2.42272 16.2067
2.42406 16.1758
2.4254 16.1444
2.42674 16.1126
2.42808 16.0803
2.42942 16.0475
2.43076 16.0143
2.4321 15.9806
2.43344 15.9465
2.43478 15.9119
2.43612 15.8768
2.43746 15.8412
2.4388 15.8052
2.44014 15.7687
2.44148 15.7317
2.44282 15.6942
2.44416 15.6562
2.4455 15.6177
2.44684 15.5787
2.44818 15.5393
2.44952 15.4993
2.45086 15.4588
2.4522 15.4178
2.45354 15.3763
2.45488 15.3343
2.45622 15.2918
2.45756 15.2487
2.4589 15.2051
2.46024 15.161
2.46158 15.1164
2.46292 15.0712
2.46426 15.0255
2.4656 14.9793
2.46694 14.9325
2.46828 14.8851
2.46962 14.8373
2.47096 14.7889
2.4723 14.7399
2.47364 14.6904
2.47498 14.6403
2.47632 14.5896
2.47766 14.5384
2.479 14.4867
2.48034 14.4343
2.48168 14.3814
2.48302 14.3279
2.48436 14.2739
2.4857 14.2193
2.48704 14.1641
2.48838 14.1083
2.48972 14.0519
2.49106 13.995
2.4924 13.9374
2.49374 13.8793
2.49508 13.8206
2.49642 13.7613
2.49776 13.7014
2.4991 13.6409
2.50044 13.5798
2.50178 13.5181
2.50312 13.4558
2.50446 13.3929
2.5058 13.3294
2.50714 13.2653
2.50848 13.2006
2.50982 13.1353
2.51116 13.0694
2.5125 13.0028
2.51384 12.9357
2.51518 12.8679
2.51652 12.7996
2.51786 12.7306
2.5192 12.661
2.52054 12.5908
2.52188 12.5199
2.52322 12.4485
2.52456 12.3764
2.5259 12.3037
2.52724 12.2304
2.52858 12.1565
2.52992 12.082
2.53126 12.0068
2.5326 11.9311
2.53394 11.8547
2.53528 11.7777
2.53662 11.7
2.53796 11.6218
2.5393 11.543
2.54064 11.4635
2.54198 11.3834
2.54332 11.3027
2.54466 11.2214
2.546 11.1395
2.54734 11.0569
2.54868 10.9738
2.55002 10.89
2.55136 10.8057
2.5527 10.7207
2.55404 10.6351
2.55538 10.5489
2.55672 10.4622
2.55806 10.3748
2.5594 10.2868
2.56074 10.1982
2.56208 10.1091
2.56342 10.0193
2.56476 9.92897
2.5661 9.83804
2.56744 9.74652
2.56878 9.65443
2.57012 9.56175
2.57146 9.4685
2.5728 9.37468
2.57414 9.28029
2.57548 9.18533
2.57682 9.0898
2.57816 8.99372
2.5795 8.89708
2.58084 8.79989
2.58218 8.70215
2.58352 8.60386
2.58486 8.50504
2.5862 8.40567
2.58754 8.30578
2.58888 8.20535
2.59022 8.1044
2.59156 8.00293
2.5929 7.90094
2.59424 7.79844
2.59558 7.69543
2.59692 7.59193
2.59826 7.48792
2.5996 7.38343
2.60094 7.27845
2.60228 7.17299
2.60362 7.06705
2.60496 6.96064
2.6063 6.85377
2.60764 6.74644
2.60898 6.63865
2.61032 6.53042
2.61166 6.42174
2.613 6.31263
2.61434 6.20309
2.61568 6.09313
2.61702 5.98275
2.61836 5.87196
2.6197 5.76076
2.62104 5.64917
2.62238 5.53719
2.62372 5.42482
2.62506 5.31207
2.6264 5.19896
2.62774 5.08548
2.62908 4.97165
2.63042 4.85746
2.63176 4.74294
2.6331 4.62808
2.63444 4.51289
2.63578 4.39738
2.63712 4.28156
2.63846 4.16544
2.6398 4.04902
2.64114 3.93231
2.64248 3.81531
2.64382 3.69805
2.64516 3.58052
2.6465 3.46273
2.64784 3.34469
2.64918 3.22642
2.65052 3.1079
2.65186 2.98917
2.6532 2.87021
2.65454 2.75105
2.65588 2.63169
2.65722 2.51214
2.65856 2.3924
2.6599 2.27249
2.66124 2.15242
2.66258 2.03218
2.66392 1.9118
2.66526 1.79128
2.6666 1.67063
2.66794 1.54985
2.66928 1.42896
2.67062 1.30797
2.67196 1.18688
2.6733 1.0657
2.67464 0.944447
2.67598 0.823122
2.67732 0.701736
2.67866 0.580299
2.68 0.458819
2.68134 0.337305
2.68268 0.215766
2.68402 0.0942112
2.68536 -0.0273504
2.6867 -0.14891
2.68804 -0.270459
2.68938 -0.391987
2.69072 -0.513487
2.69206 -0.634949
2.6934 -0.756365
2.69474 -0.877724
2.69608 -0.999019
2.69742 -1.12024
2.69876 -1.24138
2.7001 -1.36243
2.70144 -1.48338
2.70278 -1.60421
2.70412 -1.72494
2.70546 -1.84553
2.7068 -1.96599
2.70814 -2.08631
2.70948 -2.20647
2.71082 -2.32647
2.71216 -2.4463
2.7135 -2.56596
2.71484 -2.68543
2.71618 -2.8047
2.71752 -2.92377
2.71886 -3.04262
2.7202 -3.16126
2.72154 -3.27967
2.72288 -3.39784
2.72422 -3.51577
2.72556 -3.63344
2.7269 -3.75085
2.72824 -3.86799
2.72958 -3.98486
2.73092 -4.10144
2.73226 -4.21773
2.7336 -4.33372
2.73494 -4.4494
2.73628 -4.56476
2.73762 -4.6798
2.73896 -4.79451
2.7403 -4.90889
2.74164 -5.02291
2.74298 -5.13659
2.74432 -5.2499
2.74566 -5.36285
2.747 -5.47543
2.74834 -5.58763
2.74968 -5.69943
2.75102 -5.81085
2.75236 -5.92186
2.7537 -6.03247
2.75504 -6.14266
2.75638 -6.25244
2.75772 -6.36178
2.75906 -6.4707
2.7604 -6.57918
2.76174 -6.68721
2.76308 -6.79479
2.76442 -6.90192
2.76576 -7.00858
2.7671 -7.11478
2.76844 -7.2205
2.76978 -7.32575
2.77112 -7.43051
2.77246 -7.53479
2.7738 -7.63857
2.77514 -7.74185
2.77648 -7.84462
2.77782 -7.94689
2.77916 -8.04865
2.7805 -8.14989
2.78184 -8.2506
2.78318 -8.35079
2.78452 -8.45045
2.78586 -8.54957
2.7872 -8.64816
2.78854 -8.7462
2.78988 -8.84369
2.79122 -8.94064
2.79256 -9.03703
2.7939 -9.13286
2.79524 -9.22813
2.79658 -9.32283
2.79792 -9.41697
2.79926 -9.51054
2.8006 -9.60353
2.80194 -9.69594
2.80328 -9.78778
2.80462 -9.87903
2.80596 -9.9697
2.8073 -10.0598
2.80864 -10.1493
2.80998 -10.2382
2.81132 -10.3265
2.81266 -10.4142
2.814 -10.5013
2.81534 -10.5878
2.81668 -10.6737
2.81802 -10.759
2.81936 -10.8437
2.8207 -10.9278
2.82204 -11.0113
2.82338 -11.0941
2.82472 -11.1764
2.82606 -11.2581
2.8274 -11.3391
2.82874 -11.4195
2.83008 -11.4993
2.83142 -11.5785
2.83276 -11.6571
2.8341 -11.7351
2.83544 -11.8124
2.83678 -11.8891
2.83812 -11.9652
2.83946 -12.0407
2.8408 -12.1156
2.84214 -12.1899
2.84348 -12.2635
2.84482 -12.3365
2.84616 -12.4089
2.8475 -12.4807
2.84884 -12.5519
2.85018 -12.6224
2.85152 -12.6924
2.85286 -12.7617
2.8542 -12.8304
2.85554 -12.8985
2.85688 -12.966
2.85822 -13.0329
2.85956 -13.0991
2.8609 -13.1648
2.86224 -13.2298
2.86358 -13.2942
2.86492 -13.3581
2.86626 -13.4213
2.8676 -13.4839
2.86894 -13.5459
2.87028 -13.6074
2.87162 -13.6682
2.87296 -13.7284
2.8743 -13.7881
2.87564 -13.8471
2.87698 -13.9055
2.87832 -13.9634
2.87966 -14.0207
2.881 -14.0774
2.88234 -14.1335
2.88368 -14.189
2.88502 -14.2439
2.88636 -14.2983
2.8877 -14.3521
2.88904 -14.4053
2.89038 -14.4579
2.89172 -14.51
2.89306 -14.5615
2.8944 -14.6125
2.89574 -14.6629
2.89708 -14.7127
2.89842 -14.762
2.89976 -14.8107
2.9011 -14.8589
2.90244 -14.9065
2.90378 -14.9536
2.90512 -15.0001
2.90646 -15.0461
2.9078 -15.0916
2.90914 -15.1365
2.91048 -15.1809
2.91182 -15.2248
2.91316 -15.2681
2.9145 -15.311
2.91584 -15.3533
2.91718 -15.3951
2.91852 -15.4363
2.91986 -15.4771
2.9212 -15.5173
2.92254 -15.5571
2.92388 -15.5963
2.92522 -15.6351
2.92656 -15.6733
2.9279 -15.7111
2.92924 -15.7484
2.93058 -15.7852
2.93192 -15.8215
2.93326 -15.8573
2.9346 -15.8926
2.93594 -15.9275
2.93728 -15.9619
2.93862 -15.9958
2.93996 -16.0293
2.9413 -16.0623
2.94264 -16.0948
2.94398 -16.1269
2.94532 -16.1586
2.94666 -16.1898
2.948 -16.2205
2.94934 -16.2508
2.95068 -16.2807
2.95202 -16.3101
2.95336 -16.3391
2.9547 -16.3676
2.95604 -16.3957
2.95738 -16.4234
2.95872 -16.4507
2.96006 -16.4776
2.9614 -16.504
2.96274 -16.53
2.96408 -16.5556
2.96542 -16.5808
2.96676 -16.6056
2.9681 -16.63
2.96944 -16.654
2.97078 -16.6776
2.97212 -16.7008
2.97346 -16.7237
2.9748 -16.7461
2.97614 -16.7681
2.97748 -16.7898
2.97882 -16.8111
2.98016 -16.832
2.9815 -16.8525
2.98284 -16.8726
2.98418 -16.8924
2.98552 -16.9118
2.98686 -16.9309
2.9882 -16.9496
2.98954 -16.9679
2.99088 -16.9859
2.99222 -17.0035
2.99356 -17.0208
2.9949 -17.0377
2.99624 -17.0543
2.99758 -17.0705
2.99892 -17.0864
3.00026 -17.1019
3.0016 -17.1171
3.00294 -17.132
3.00428 -17.1465
3.00562 -17.1607
3.00696 -17.1745
3.0083 -17.1881
3.00964 -17.2013
3.01098 -17.2142
3.01232 -17.2267
3.01366 -17.239
3.015 -17.2509
3.01634 -17.2625
3.01768 -17.2738
3.01902 -17.2847
3.02036 -17.2954
3.0217 -17.3057
3.02304 -17.3158
3.02438 -17.3255
3.02572 -17.3349
3.02706 -17.344
3.0284 -17.3529
3.02974 -17.3614
3.03108 -17.3696
3.03242 -17.3775
3.03376 -17.3851
3.0351 -17.3924
3.03644 -17.3995
3.03778 -17.4062
3.03912 -17.4126
3.04046 -17.4188
3.0418 -17.4246
3.04314 -17.4302
3.04448 -17.4354
3.04582 -17.4404
3.04716 -17.4451
3.0485 -17.4495
3.04984 -17.4536
3.05118 -17.4575
3.05252 -17.461
3.05386 -17.4643
3.0552 -17.4672
3.05654 -17.4699
3.05788 -17.4723
3.05922 -17.4745
3.06056 -17.4763
3.0619 -17.4779
3.06324 -17.4791
3.06458 -17.4801
3.06592 -17.4808
3.06726 -17.4813
3.0686 -17.4814
3.06994 -17.4813
3.07128 -17.4809
3.07262 -17.4802
3.07396 -17.4792
3.0753 -17.4779
3.07664 -17.4764
3.07798 -17.4746
3.07932 -17.4725
3.08066 -17.4701
3.082 -17.4674
3.08334 -17.4644
3.08468 -17.4612
3.08602 -17.4577
3.08736 -17.4539
3.0887 -17.4498
3.09004 -17.4454
3.09138 -17.4407
3.09272 -17.4357
3.09406 -17.4305
3.0954 -17.4249
3.09674 -17.4191
3.09808 -17.413
3.09942 -17.4066
3.10076 -17.3999
3.1021 -17.3928
3.10344 -17.3855
3.10478 -17.3779
3.10612 -17.3701
3.10746 -17.3619
3.1088 -17.3534
3.11014 -17.3446
3.11148 -17.3355
3.11282 -17.3261
3.11416 -17.3163
3.1155 -17.3063
3.11684 -17.296
3.11818 -17.2853
3.11952 -17.2744
3.12086 -17.2631
3.1222 -17.2515
3.12354 -17.2396
3.12488 -17.2274
3.12622 -17.2149
3.12756 -17.202
3.1289 -17.1888
3.13024 -17.1753
3.13158 -17.1615
3.13292 -17.1473
3.13426 -17.1328
3.1356 -17.118
3.13694 -17.1028
3.13828 -17.0873
3.13962 -17.0714
3.14096 -17.0552
3.1423 -17.0386
3.14364 -17.0218
3.14498 -17.0045
3.14632 -16.9869
3.14766 -16.969
3.149 -16.9506
3.15034 -16.932
3.15168 -16.9129
3.15302 -16.8935
3.15436 -16.8738
3.1557 -16.8537
3.15704 -16.8331
3.15838 -16.8123
3.15972 -16.791
3.16106 -16.7694
3.1624 -16.7474
3.16374 -16.7249
3.16508 -16.7022
3.16642 -16.679
3.16776 -16.6554
3.1691 -16.6314
3.17044 -16.607
3.17178 -16.5823
3.17312 -16.5571
3.17446 -16.5315
3.1758 -16.5055
3.17714 -16.4791
3.17848 -16.4522
3.17982 -16.425
3.18116 -16.3973
3.1825 -16.3692
3.18384 -16.3407
3.18518 -16.3117
3.18652 -16.2823
3.18786 -16.2525
3.1892 -16.2222
3.19054 -16.1915
3.19188 -16.1604
3.19322 -16.1288
3.19456 -16.0967
3.1959 -16.0642
3.19724 -16.0312
3.19858 -15.9978
3.19992 -15.9639
3.20126 -15.9295
3.2026 -15.8946
3.20394 -15.8593
3.20528 -15.8235
3.20662 -15.7873
3.20796 -15.7505
3.2093 -15.7133
3.21064 -15.6755
3.21198 -15.6373
3.21332 -15.5986
3.21466 -15.5594
3.216 -15.5196
3.21734 -15.4794
3.21868 -15.4387
3.22002 -15.3974
3.22136 -15.3557
3.2227 -15.3134
3.22404 -15.2706
3.22538 -15.2273
3.22672 -15.1834
3.22806 -15.1391
3.2294 -15.0942
3.23074 -15.0487
3.23208 -15.0028
3.23342 -14.9563
3.23476 -14.9092
3.2361 -14.8616
3.23744 -14.8135
3.23878 -14.7648
3.24012 -14.7155
3.24146 -14.6657
3.2428 -14.6154
3.24414 -14.5645
3.24548 -14.513
3.24682 -14.4609
3.24816 -14.4083
3.2495 -14.3551
3.25084 -14.3014
3.25218 -14.247
3.25352 -14.1921
3.25486 -14.1367
3.2562 -14.0806
3.25754 -14.0239
3.25888 -13.9667
3.26022 -13.9089
3.26156 -13.8505
3.2629 -13.7914
3.26424 -13.7318
3.26558 -13.6717
3.26692 -13.6109
3.26826 -13.5495
3.2696 -13.4875
3.27094 -13.4249
3.27228 -13.3617
3.27362 -13.2979
3.27496 -13.2335
3.2763 -13.1685
3.27764 -13.1029
3.27898 -13.0367
3.28032 -12.9698
3.28166 -12.9024
3.283 -12.8343
3.28434 -12.7656
3.28568 -12.6963
3.28702 -12.6264
3.28836 -12.5559
3.2897 -12.4848
3.29104 -12.413
3.29238 -12.3407
3.29372 -12.2677
3.29506 -12.1941
3.2964 -12.1199
3.29774 -12.045
3.29908 -11.9696
3.30042 -11.8935
3.30176 -11.8168
3.3031 -11.7395
3.30444 -11.6616
3.30578 -11.583
3.30712 -11.5039
3.30846 -11.4241
3.3098 -11.3437
3.31114 -11.2627
3.31248 -11.1811
3.31382 -11.0989
3.31516 -11.016
3.3165 -10.9326
3.31784 -10.8485
3.31918 -10.7639
3.32052 -10.6786
3.32186 -10.5927
3.3232 -10.5062
3.32454 -10.4192
3.32588 -10.3315
3.32722 -10.2432
3.32856 -10.1544
3.3299 -10.0649
3.33124 -9.97487
3.33258 -9.88423
3.33392 -9.79301
3.33526 -9.70121
3.3366 -9.60883
3.33794 -9.51587
3.33928 -9.42233
3.34062 -9.32823
3.34196 -9.23356
3.3433 -9.13832
3.34464 -9.04252
3.34598 -8.94616
3.34732 -8.84925
3.34866 -8.75179
3.35 -8.65378
3.35134 -8.55523
3.35268 -8.45613
3.35402 -8.35651
3.35536 -8.25635
3.3567 -8.15566
3.35804 -8.05445
3.35938 -7.95273
3.36072 -7.85049
3.36206 -7.74774
3.3634 -7.64449
3.36474 -7.54073
3.36608 -7.43649
3.36742 -7.33175
3.36876 -7.22653
3.3701 -7.12084
3.37144 -7.01467
3.37278 -6.90803
3.37412 -6.80093
3.37546 -6.69337
3.3768 -6.58537
3.37814 -6.47691
3.37948 -6.36802
3.38082 -6.2587
3.38216 -6.14895
3.3835 -6.03878
3.38484 -5.9282
3.38618 -5.81721
3.38752 -5.70582
3.38886 -5.59403
3.3902 -5.48186
3.39154 -5.3693
3.39288 -5.25637
3.39422 -5.14308
3.39556 -5.02942
3.3969 -4.91542
3.39824 -4.80106
3.39958 -4.68637
3.40092 -4.57135
3.40226 -4.456
3.4036 -4.34034
3.40494 -4.22437
3.40628 -4.1081
3.40762 -3.99153
3.40896 -3.87468
3.4103 -3.75756
3.41164 -3.64016
3.41298 -3.5225
3.41432 -3.40459
3.41566 -3.28643
3.417 -3.16804
3.41834 -3.04941
3.41968 -2.93057
3.42102 -2.81151
3.42236 -2.69225
3.4237 -2.5728
3.42504 -2.45315
3.42638 -2.33333
3.42772 -2.21334
3.42906 -2.09318
3.4304 -1.97287
3.43174 -1.85242
3.43308 -1.73183
3.43442 -1.61112
3.43576 -1.49029
3.4371 -1.36935
3.43844 -1.2483
3.43978 -1.12717
3.44112 -1.00595
3.44246 -0.884662
3.4438 -0.763305
3.44514 -0.641893
3.44648 -0.520433
3.44782 -0.398936
3.44916 -0.277408
3.4505 -0.15586
3.45184 -0.0343012
3.45318 0.0872606
3.45452 0.208816
3.45586 0.330356
3.4572 0.451871
3.45854 0.573354
3.45988 0.694794
3.46122 0.816183
3.46256 0.937512
3.4639 1.05877
3.46524 1.17995
3.46658 1.30105
3.46792 1.42205
3.46926 1.54294
3.4706 1.66373
3.47194 1.78439
3.47328 1.90492
3.47462 2.02531
3.47596 2.14555
3.4773 2.26563
3.47864 2.38555
3.47998 2.5053
3.48132 2.62486
3.48266 2.74423
3.484 2.86341
3.48534 2.98237
3.48668 3.10112
3.48802 3.21965
3.48936 3.33794
3.4907 3.45599
3.49204 3.57379
3.49338 3.69134
3.49472 3.80862
3.49606 3.92562
3.4974 4.04235
3.49874 4.15879
3.50008 4.27493
3.50142 4.39077
3.50276 4.50629
3.5041 4.6215
3.50544 4.73638
3.50678 4.85092
3.50812 4.96513
3.50946 5.07898
3.5108 5.19248
3.51214 5.30562
3.51348 5.41838
3.51482 5.53077
3.51616 5.64278
3.5175 5.75439
3.51884 5.86561
3.52018 5.97643
3.52152 6.08683
3.52286 6.19682
3.5242 6.30638
3.52554 6.41552
3.52688 6.52422
3.52822 6.63247
3.52956 6.74029
3.5309 6.84764
3.53224 6.95454
3.53358 7.06098
3.53492 7.16694
3.53626 7.27243
3.5376 7.37744
3.53894 7.48196
3.54028 7.58599
3.54162 7.68953
3.54296 7.79256
3.5443 7.89509
3.54564 7.99711
3.54698 8.09861
3.54832 8.19959
3.54966 8.30005
3.551 8.39998
3.55234 8.49937
3.55368 8.59823
3.55502 8.69655
3.55636 8.79432
3.5577 8.89154
3.55904 8.98821
3.56038 9.08433
3.56172 9.17988
3.56306 9.27487
3.5644 9.3693
3.56574 9.46315
3.56708 9.55644
3.56842 9.64915
3.56976 9.74128
3.5711 9.83282
3.57244 9.92379
3.57378 10.0142
3.57512 10.104
3.57646 10.1932
3.5778 10.2818
3.57914 10.3698
3.58048 10.4572
3.58182 10.544
3.58316 10.6302
3.5845 10.7158
3.58584 10.8008
3.58718 10.8852
3.58852 10.969
3.58986 11.0522
3.5912 11.1348
3.59254 11.2167
3.59388 11.2981
3.59522 11.3788
3.59656 11.4589
3.5979 11.5384
3.59924 11.6173
3.60058 11.6956
3.60192 11.7732
3.60326 11.8503
3.6046 11.9267
3.60594 12.0025
3.60728 12.0777
3.60862 12.1523
3.60996 12.2262
3.6113 12.2996
3.61264 12.3723
3.61398 12.4444
3.61532 12.5159
3.61666 12.5867
3.618 12.657
3.61934 12.7266
3.62068 12.7956
3.62202 12.864
3.62336 12.9318
3.6247 12.999
3.62604 13.0656
3.62738 13.1315
3.62872 13.1969
3.63006 13.2616
3.6314 13.3258
3.63274 13.3893
3.63408 13.4522
3.63542 13.5146
3.63676 13.5763
3.6381 13.6374
3.63944 13.698
3.64078 13.7579
3.64212 13.8172
3.64346 13.876
3.6448 13.9341
3.64614 13.9917
3.64748 14.0487
3.64882 14.1051
3.65016 14.1609
3.6515 14.2161
3.65284 14.2708
3.65418 14.3249
3.65552 14.3784
3.65686 14.4313
3.6582 14.4837
3.65954 14.5355
3.66088 14.5867
3.66222 14.6374
3.66356 14.6875
3.6649 14.7371
3.66624 14.7861
3.66758 14.8345
3.66892 14.8824
3.67026 14.9298
3.6716 14.9766
3.67294 15.0229
3.67428 15.0686
3.67562 15.1138
3.67696 15.1585
3.6783 15.2026
3.67964 15.2462
3.68098 15.2893
3.68232 15.3319
3.68366 15.3739
3.685 15.4155
3.68634 15.4565
3.68768 15.497
3.68902 15.537
3.69036 15.5765
3.6917 15.6155
3.69304 15.654
3.69438 15.692
3.69572 15.7295
3.69706 15.7666
3.6984 15.8031
3.69974 15.8392
3.70108 15.8748
3.70242 15.9099
3.70376 15.9445
3.7051 15.9787
3.70644 16.0124
3.70778 16.0456
3.70912 16.0784
3.71046 16.1107
3.7118 16.1426
3.71314 16.174
3.71448 16.205
3.71582 16.2355
3.71716 16.2656
3.7185 16.2952
3.71984 16.3244
3.72118 16.3532
3.72252 16.3815
3.72386 16.4094
3.7252 16.4369
3.72654 16.464
3.72788 16.4906
3.72922 16.5169
3.73056 16.5427
3.7319 16.5681
3.73324 16.5931
3.73458 16.6177
3.73592 16.6419
3.73726 16.6657
3.7386 16.6891
3.73994 16.7121
3.74128 16.7348
3.74262 16.757
3.74396 16.7788
3.7453 16.8003
3.74664 16.8214
3.74798 16.8421
3.74932 16.8625
3.75066 16.8824
3.752 16.902
3.75334 16.9213
3.75468 16.9402
3.75602 16.9587
3.75736 16.9768
3.7587 16.9946
3.76004 17.0121
3.76138 17.0292
3.76272 17.0459
3.76406 17.0623
3.7654 17.0783
3.76674 17.0941
3.76808 17.1094
3.76942 17.1245
3.77076 17.1392
3.7721 17.1535
3.77344 17.1675
3.77478 17.1812
3.77612 17.1946
3.77746 17.2077
3.7788 17.2204
3.78014 17.2328
3.78148 17.2449
3.78282 17.2566
3.78416 17.2681
3.7855 17.2792
3.78684 17.29
3.78818 17.3005
3.78952 17.3107
3.79086 17.3206
3.7922 17.3302
3.79354 17.3395
3.79488 17.3484
3.79622 17.3571
3.79756 17.3655
3.7989 17.3735
3.80024 17.3813
3.80158 17.3888
3.80292 17.3959
3.80426 17.4028
3.8056 17.4094
3.80694 17.4157
3.80828 17.4217
3.80962 17.4274
3.81096 17.4328
3.8123 17.4379
3.81364 17.4428
3.81498 17.4473
3.81632 17.4516
3.81766 17.4555
3.819 17.4592
3.82034 17.4626
3.82168 17.4658
3.82302 17.4686
3.82436 17.4711
3.8257 17.4734
3.82704 17.4754
3.82838 17.4771
3.82972 17.4785
3.83106 17.4797
3.8324 17.4805
3.83374 17.4811
3.83508 17.4814
3.83642 17.4814
3.83776 17.4811
3.8391 17.4806
3.84044 17.4797
3.84178 17.4786
3.84312 17.4772
3.84446 17.4755
3.8458 17.4736
3.84714 17.4713
3.84848 17.4688
3.84982 17.466
3.85116 17.4629
3.8525 17.4595
3.85384 17.4558
3.85518 17.4519
3.85652 17.4476
3.85786 17.4431
3.8592 17.4383
3.86054 17.4332
3.86188 17.4278
3.86322 17.4221
3.86456 17.4161
3.8659 17.4099
3.86724 17.4033
3.86858 17.3964
3.86992 17.3893
3.87126 17.3818
3.8726 17.3741
3.87394 17.3661
3.87528 17.3577
3.87662 17.3491
3.87796 17.3401
3.8793 17.3309
3.88064 17.3213
3.88198 17.3114
3.88332 17.3013
3.88466 17.2908
3.886 17.28
3.88734 17.2689
3.88868 17.2575
3.89002 17.2457
3.89136 17.2337
3.8927 17.2213
3.89404 17.2086
3.89538 17.1956
3.89672 17.1822
3.89806 17.1685
3.8994 17.1545
3.90074 17.1402
3.90208 17.1255
3.90342 17.1105
3.90476 17.0952
3.9061 17.0795
3.90744 17.0635
3.90878 17.0471
3.91012 17.0304
3.91146 17.0133
3.9128 16.9959
3.91414 16.9781
3.91548 16.96
3.91682 16.9415
3.91816 16.9226
3.9195 16.9034
3.92084 16.8839
3.92218 16.8639
3.92352 16.8436
3.92486 16.8229
3.9262 16.8018
3.92754 16.7804
3.92888 16.7586
3.93022 16.7364
3.93156 16.7138
3.9329 16.6908
3.93424 16.6674
3.93558 16.6436
3.93692 16.6195
3.93826 16.5949
3.9396 16.5699
3.94094 16.5445
3.94228 16.5187
3.94362 16.4925
3.94496 16.4659
3.9463 16.4389
3.94764 16.4114
3.94898 16.3835
3.95032 16.3552
3.95166 16.3265
3.953 16.2973
3.95434 16.2677
3.95568 16.2377
3.95702 16.2072
3.95836 16.1762
3.9597 16.1448
3.96104 16.113
3.96238 16.0807
3.96372 16.048
3.96506 16.0148
3.9664 15.9811
3.96774 15.947
3.96908 15.9124
3.97042 15.8773
3.97176 15.8417
3.9731 15.8057
3.97444 15.7692
3.97578 15.7322
3.97712 15.6947
3.97846 15.6567
3.9798 15.6183
3.98114 15.5793
3.98248 15.5398
3.98382 15.4999
3.98516 15.4594
3.9865 15.4184
3.98784 15.3769
3.98918 15.3349
3.99052 15.2924
3.99186 15.2493
3.9932 15.2057
3.99454 15.1616
3.99588 15.117
3.99722 15.0719
3.99856 15.0262
3.9999 14.9799
4.00124 14.9331
4.00258 14.8858
4.00392 14.838
4.00526 14.7896
4.0066 14.7406
4.00794 14.6911
4.00928 14.641
4.01062 14.5904
4.01196 14.5392
4.0133 14.4874
4.01464 14.4351
4.01598 14.3822
4.01732 14.3287
4.01866 14.2747
4.02 14.2201
4.02134 14.1649
4.02268 14.1091
4.02402 14.0527
4.02536 13.9958
4.0267 13.9383
4.02804 13.8802
4.02938 13.8214
4.03072 13.7622
4.03206 13.7023
4.0334 13.6418
4.03474 13.5807
4.03608 13.519
4.03742 13.4567
4.03876 13.3938
4.0401 13.3303
4.04144 13.2662
4.04278 13.2015
4.04412 13.1362
4.04546 13.0703
4.0468 13.0038
4.04814 12.9367
4.04948 12.8689
4.05082 12.8005
4.05216 12.7316
4.0535 12.662
4.05484 12.5918
4.05618 12.5209
4.05752 12.4495
4.05886 12.3775
4.0602 12.3048
4.06154 12.2315
4.06288 12.1576
4.06422 12.0831
4.06556 12.0079
4.0669 11.9322
4.06824 11.8558
4.06958 11.7788
4.07092 11.7012
4.07226 11.6229
4.0736 11.5441
4.07494 11.4646
4.07628 11.3846
4.07762 11.3039
4.07896 11.2226
4.0803 11.1406
4.08164 11.0581
4.08298 10.975
4.08432 10.8912
4.08566 10.8069
4.087 10.7219
4.08834 10.6364
4.08968 10.5502
4.09102 10.4634
4.09236 10.376
4.0937 10.2881
4.09504 10.1995
4.09638 10.1104
4.09772 10.0206
4.09906 9.93027
4.1004 9.83935
4.10174 9.74784
4.10308 9.65575
4.10442 9.56309
4.10576 9.46984
4.1071 9.37603
4.10844 9.28164
4.10978 9.18669
4.11112 9.09118
4.11246 8.9951
4.1138 8.89847
4.11514 8.80129
4.11648 8.70356
4.11782 8.60528
4.11916 8.50646
4.1205 8.4071
4.12184 8.30721
4.12318 8.20679
4.12452 8.10585
4.12586 8.00438
4.1272 7.9024
4.12854 7.79991
4.12988 7.69691
4.13122 7.59342
4.13256 7.48942
4.1339 7.38493
4.13524 7.27996
4.13658 7.1745
4.13792 7.06857
4.13926 6.96217
4.1406 6.8553
4.14194 6.74798
4.14328 6.6402
4.14462 6.53197
4.14596 6.4233
4.1473 6.3142
4.14864 6.20467
4.14998 6.09471
4.15132 5.98433
4.15266 5.87355
4.154 5.76236
4.15534 5.65077
4.15668 5.5388
4.15802 5.42643
4.15936 5.31369
4.1607 5.20058
4.16204 5.08711
4.16338 4.97328
4.16472 4.8591
4.16606 4.74458
4.1674 4.62972
4.16874 4.51454
4.17008 4.39904
4.17142 4.28322
4.17276 4.1671
4.1741 4.05069
4.17544 3.93398
4.17678 3.81699
4.17812 3.69973
4.17946 3.58221
4.1808 3.46442
4.18214 3.34639
4.18348 3.22811
4.18482 3.1096
4.18616 2.99087
4.1875 2.87192
4.18884 2.75276
4.19018 2.6334
4.19152 2.51385
4.19286 2.39412
4.1942 2.27421
4.19554 2.15414
4.19688 2.03391
4.19822 1.91353
4.19956 1.79301
4.2009 1.67236
4.20224 1.55158
4.20358 1.4307
4.20492 1.3097
4.20626 1.18862
4.2076 1.06744
4.20894 0.946185
4.21028 0.824861
4.21162 0.703476
4.21296 0.582039
4.2143 0.46056
4.21564 0.339046
4.21698 0.217508
4.21832 0.095953
4.21966 -0.0256086
4.221 -0.147168
4.22234 -0.268717
4.22368 -0.390246
4.22502 -0.511747
4.22636 -0.633209
4.2277 -0.754625
4.22904 -0.875986
4.23038 -0.997282
4.23172 -1.1185
4.23306 -1.23964
4.2344 -1.36069
4.23574 -1.48164
4.23708 -1.60248
4.23842 -1.72321
4.23976 -1.8438
4.2411 -1.96427
4.24244 -2.08458
4.24378 -2.20475
4.24512 -2.32475
4.24646 -2.44459
4.2478 -2.56425
4.24914 -2.68372
4.25048 -2.80299
4.25182 -2.92206
4.25316 -3.04092
4.2545 -3.15956
4.25584 -3.27797
4.25718 -3.39615
4.25852 -3.51408
4.25986 -3.63175
4.2612 -3.74917
4.26254 -3.86632
4.26388 -3.98319
4.26522 -4.09977
4.26656 -4.21606
4.2679 -4.33206
4.26924 -4.44774
4.27058 -4.56311
4.27192 -4.67816
4.27326 -4.79287
4.2746 -4.90725
4.27594 -5.02128
4.27728 -5.13496
4.27862 -5.24828
4.27996 -5.36124
4.2813 -5.47382
4.28264 -5.58602
4.28398 -5.69784
4.28532 -5.80926
4.28666 -5.92028
4.288 -6.03089
4.28934 -6.14109
4.29068 -6.25087
4.29202 -6.36022
4.29336 -6.46914
4.2947 -6.57763
4.29604 -6.68566
4.29738 -6.79325
4.29872 -6.90039
4.30006 -7.00706
4.3014 -7.11326
4.30274 -7.21899
4.30408 -7.32425
4.30542 -7.42901
4.30676 -7.5333
4.3081 -7.63708
4.30944 -7.74037
4.31078 -7.84316
4.31212 -7.94543
4.31346 -8.0472
4.3148 -8.14844
4.31614 -8.24917
4.31748 -8.34936
4.31882 -8.44903
4.32016 -8.54816
4.3215 -8.64675
4.32284 -8.7448
4.32418 -8.8423
4.32552 -8.93925
4.32686 -9.03565
4.3282 -9.13149
4.32954 -9.22677
4.33088 -9.32148
4.33222 -9.41563
4.33356 -9.5092
4.3349 -9.6022
4.33624 -9.69462
4.33758 -9.78647
4.33892 -9.87773
4.34026 -9.9684
4.3416 -10.0585
4.34294 -10.148
4.34428 -10.2369
4.34562 -10.3252
4.34696 -10.4129
4.3483 -10.5
4.34964 -10.5866
4.35098 -10.6725
4.35232 -10.7578
4.35366 -10.8425
4.355 -10.9266
4.35634 -11.0101
4.35768 -11.093
4.35902 -11.1752
4.36036 -11.2569
4.3617 -11.3379
4.36304 -11.4184
4.36438 -11.4982
4.36572 -11.5774
4.36706 -11.656
4.3684 -11.7339
4.36974 -11.8113
4.37108 -11.888
4.37242 -11.9641
4.37376 -12.0396
4.3751 -12.1145
4.37644 -12.1888
4.37778 -12.2624
4.37912 -12.3355
4.38046 -12.4079
4.3818 -12.4797
4.38314 -12.5509
4.38448 -12.6214
4.38582 -12.6914
4.38716 -12.7607
4.3885 -12.8294
4.38984 -12.8975
4.39118 -12.965
4.39252 -13.0319
4.39386 -13.0982
4.3952 -13.1638
4.39654 -13.2289
4.39788 -13.2933
4.39922 -13.3572
4.40056 -13.4204
4.4019 -13.483
4.40324 -13.5451
4.40458 -13.6065
4.40592 -13.6673
4.40726 -13.7276
4.4086 -13.7872
4.40994 -13.8463
4.41128 -13.9047
4.41262 -13.9626
4.41396 -14.0199
4.4153 -14.0766
4.41664 -14.1327
4.41798 -14.1882
4.41932 -14.2431
4.42066 -14.2975
4.422 -14.3513
4.42334 -14.4045
4.42468 -14.4572
4.42602 -14.5093
4.42736 -14.5608
4.4287 -14.6118
4.43004 -14.6622
4.43138 -14.712
4.43272 -14.7613
4.43406 -14.81
4.4354 -14.8582
4.43674 -14.9058
4.43808 -14.9529
4.43942 -14.9995
4.44076 -15.0455
4.4421 -15.0909
4.44344 -15.1359
4.44478 -15.1803
4.44612 -15.2242
4.44746 -15.2675
4.4488 -15.3104
4.45014 -15.3527
4.45148 -15.3945
4.45282 -15.4357
4.45416 -15.4765
4.4555 -15.5168
4.45684 -15.5565
4.45818 -15.5958
4.45952 -15.6345
4.46086 -15.6728
4.4622 -15.7106
4.46354 -15.7479
4.46488 -15.7846
4.46622 -15.821
4.46756 -15.8568
4.4689 -15.8921
4.47024 -15.927
4.47158 -15.9614
4.47292 -15.9954
4.47426 -16.0288
4.4756 -16.0618
4.47694 -16.0944
4.47828 -16.1265
4.47962 -16.1581
4.48096 -16.1893
4.4823 -16.2201
4.48364 -16.2504
4.48498 -16.2802
4.48632 -16.3097
4.48766 -16.3386
4.489 -16.3672
4.49034 -16.3953
4.49168 -16.423
4.49302 -16.4503
4.49436 -16.4772
4.4957 -16.5036
4.49704 -16.5296
4.49838 -16.5553
4.49972 -16.5805
4.50106 -16.6053
4.5024 -16.6297
4.50374 -16.6537
4.50508 -16.6773
4.50642 -16.7005
4.50776 -16.7233
4.5091 -16.7458
4.51044 -16.7678
4.51178 -16.7895
4.51312 -16.8108
4.51446 -16.8317
4.5158 -16.8522
4.51714 -16.8724
4.51848 -16.8921
4.51982 -16.9116
4.52116 -16.9306
4.5225 -16.9493
4.52384 -16.9677
4.52518 -16.9856
4.52652 -17.0033
4.52786 -17.0205
4.5292 -17.0375
4.53054 -17.054
4.53188 -17.0703
4.53322 -17.0861
4.53456 -17.1017
4.5359 -17.1169
4.53724 -17.1317
4.53858 -17.1463
4.53992 -17.1605
4.54126 -17.1743
4.5426 -17.1879
4.54394 -17.2011
4.54528 -17.214
4.54662 -17.2265
4.54796 -17.2388
4.5493 -17.2507
4.55064 -17.2623
4.55198 -17.2736
4.55332 -17.2846
4.55466 -17.2952
4.556 -17.3056
4.55734 -17.3156
4.55868 -17.3254
4.56002 -17.3348
4.56136 -17.3439
4.5627 -17.3527
4.56404 -17.3613
4.56538 -17.3695
4.56672 -17.3774
4.56806 -17.385
4.5694 -17.3923
4.57074 -17.3994
4.57208 -17.4061
4.57342 -17.4125
4.57476 -17.4187
4.5761 -17.4245
4.57744 -17.4301
4.57878 -17.4354
4.58012 -17.4403
4.58146 -17.445
4.5828 -17.4494
4.58414 -17.4536
4.58548 -17.4574
4.58682 -17.461
4.58816 -17.4642
4.5895 -17.4672
4.59084 -17.4699
4.59218 -17.4723
4.59352 -17.4744
4.59486 -17.4763
4.5962 -17.4778
4.59754 -17.4791
4.59888 -17.4801
4.60022 -17.4808
4.60156 -17.4813
4.6029 -17.4814
4.60424 -17.4813
4.60558 -17.4809
4.60692 -17.4802
4.60826 -17.4792
4.6096 -17.478
4.61094 -17.4764
4.61228 -17.4746
4.61362 -17.4725
4.61496 -17.4701
4.6163 -17.4674
4.61764 -17.4645
4.61898 -17.4612
4.62032 -17.4577
4.62166 -17.4539
4.623 -17.4498
4.62434 -17.4454
4.62568 -17.4408
4.62702 -17.4358
4.62836 -17.4306
4.6297 -17.425
4.63104 -17.4192
4.63238 -17.4131
4.63372 -17.4067
4.63506 -17.4
4.6364 -17.393
4.63774 -17.3857
4.63908 -17.3781
4.64042 -17.3702
4.64176 -17.362
4.6431 -17.3535
4.64444 -17.3447
4.64578 -17.3356
4.64712 -17.3262
4.64846 -17.3165
4.6498 -17.3065
4.65114 -17.2961
4.65248 -17.2855
4.65382 -17.2746
4.65516 -17.2633
4.6565 -17.2517
4.65784 -17.2398
4.65918 -17.2276
4.66052 -17.2151
4.66186 -17.2022
4.6632 -17.189
4.66454 -17.1755
4.66588 -17.1617
4.66722 -17.1475
4.66856 -17.133
4.6699 -17.1182
4.67124 -17.103
4.67258 -17.0875
4.67392 -17.0716
4.67526 -17.0554
4.6766 -17.0389
4.67794 -17.022
4.67928 -17.0048
4.68062 -16.9872
4.68196 -16.9692
4.6833 -16.9509
4.68464 -16.9322
4.68598 -16.9132
4.68732 -16.8938
4.68866 -16.8741
4.69 -16.8539
4.69134 -16.8334
4.69268 -16.8126
4.69402 -16.7913
4.69536 -16.7697
4.6967 -16.7477
4.69804 -16.7253
4.69938 -16.7025
4.70072 -16.6793
4.70206 -16.6557
4.7034 -16.6318
4.70474 -16.6074
4.70608 -16.5826
4.70742 -16.5574
4.70876 -16.5319
4.7101 -16.5059
4.71144 -16.4795
4.71278 -16.4526
4.71412 -16.4254
4.71546 -16.3977
4.7168 -16.3696
4.71814 -16.3411
4.71948 -16.3122
4.72082 -16.2828
4.72216 -16.2529
4.7235 -16.2227
4.72484 -16.192
4.72618 -16.1608
4.72752 -16.1292
4.72886 -16.0972
4.7302 -16.0646
4.73154 -16.0317
4.73288 -15.9982
4.73422 -15.9643
4.73556 -15.93
4.7369 -15.8951
4.73824 -15.8598
4.73958 -15.824
4.74092 -15.7878
4.74226 -15.751
4.7436 -15.7138
4.74494 -15.6761
4.74628 -15.6378
4.74762 -15.5991
4.74896 -15.5599
4.7503 -15.5202
4.75164 -15.48
4.75298 -15.4393
4.75432 -15.398
4.75566 -15.3563
4.757 -15.314
4.75834 -15.2712
4.75968 -15.2279
4.76102 -15.1841
4.76236 -15.1397
4.7637 -15.0948
4.76504 -15.0494
4.76638 -15.0034
4.76772 -14.9569
4.76906 -14.9099
4.7704 -14.8623
4.77174 -14.8142
4.77308 -14.7655
4.77442 -14.7163
4.77576 -14.6665
4.7771 -14.6161
4.77844 -14.5652
4.77978 -14.5137
4.78112 -14.4617
4.78246 -14.4091
4.7838 -14.3559
4.78514 -14.3022
4.78648 -14.2478
4.78782 -14.1929
4.78916 -14.1375
4.7905 -14.0814
4.79184 -14.0247
4.79318 -13.9675
4.79452 -13.9097
4.79586 -13.8513
4.7972 -13.7923
4.79854 -13.7327
4.79988 -13.6725
4.80122 -13.6117
4.80256 -13.5504
4.8039 -13.4884
4.80524 -13.4258
4.80658 -13.3626
4.80792 -13.2988
4.80926 -13.2344
4.8106 -13.1694
4.81194 -13.1038
4.81328 -13.0376
4.81462 -12.9708
4.81596 -12.9033
4.8173 -12.8353
4.81864 -12.7666
4.81998 -12.6973
4.82132 -12.6275
4.82266 -12.5569
4.824 -12.4858
4.82534 -12.4141
4.82668 -12.3417
4.82802 -12.2687
4.82936 -12.1951
4.8307 -12.1209
4.83204 -12.0461
4.83338 -11.9707
4.83472 -11.8946
4.83606 -11.8179
4.8374 -11.7406
4.83874 -11.6627
4.84008 -11.5842
4.84142 -11.505
4.84276 -11.4252
4.8441 -11.3449
4.84544 -11.2639
4.84678 -11.1823
4.84812 -11.1
4.84946 -11.0172
4.8508 -10.9338
4.85214 -10.8497
4.85348 -10.7651
4.85482 -10.6798
4.85616 -10.594
4.8575 -10.5075
4.85884 -10.4204
4.86018 -10.3328
4.86152 -10.2445
4.86286 -10.1556
4.8642 -10.0662
4.86554 -9.97616
4.86688 -9.88554
4.86822 -9.79432
4.86956 -9.70253
4.8709 -9.61016
4.87224 -9.51721
4.87358 -9.42368
4.87492 -9.32958
4.87626 -9.23492
4.8776 -9.13969
4.87894 -9.0439
4.88028 -8.94755
4.88162 -8.85065
4.88296 -8.75319
4.8843 -8.65519
4.88564 -8.55664
4.88698 -8.45756
4.88832 -8.35794
4.88966 -8.25779
4.891 -8.15711
4.89234 -8.05591
4.89368 -7.95419
4.89502 -7.85196
4.89636 -7.74922
4.8977 -7.64597
4.89904 -7.54223
4.90038 -7.43799
4.90172 -7.33326
4.90306 -7.22805
4.9044 -7.12236
4.90574 -7.01619
4.90708 -6.90956
4.90842 -6.80247
4.90976 -6.69492
4.9111 -6.58692
4.91244 -6.47847
4.91378 -6.36959
4.91512 -6.26027
4.91646 -6.15053
4.9178 -6.04037
4.91914 -5.92979
4.92048 -5.8188
4.92182 -5.70742
4.92316 -5.59564
4.9245 -5.48347
4.92584 -5.37092
4.92718 -5.258
4.92852 -5.14471
4.92986 -5.03106
4.9312 -4.91705
4.93254 -4.80271
4.93388 -4.68802
4.93522 -4.573
4.93656 -4.45766
4.9379 -4.342
4.93924 -4.22603
4.94058 -4.10977
4.94192 -3.99321
4.94326 -3.87636
4.9446 -3.75924
4.94594 -3.64185
4.94728 -3.52419
4.94862 -3.40628
4.94996 -3.28813
4.9513 -3.16974
4.95264 -3.05112
4.95398 -2.93228
4.95532 -2.81322
4.95666 -2.69396
4.958 -2.57451
4.95934 -2.45487
4.96068 -2.33505
4.96202 -2.21506
4.96336 -2.09491
4.9647 -1.9746
4.96604 -1.85415
4.96738 -1.73357
4.96872 -1.61285
4.97006 -1.49202
4.9714 -1.37108
4.97274 -1.25004
4.97408 -1.12891
4.97542 -1.00769
4.97676 -0.886402
4.9781 -0.765046
4.97944 -0.643635
4.98078 -0.522176
4.98212 -0.400678
4.98346 -0.279151
4.9848 -0.157604
4.98614 -0.0360446
4.98748 0.0855173
4.98882 0.207073
4.99016 0.328613
4.9915 0.450129
4.99284 0.571612
4.99418 0.693053
4.99552 0.814442
4.99686 0.935772
4.9982 1.05703
4.99954 1.17822
5.00088 1.29931
5.00222 1.42031
5.00356 1.54121
5.0049 1.66199
5.00624 1.78266
5.00758 1.90319
5.00892 2.02358
5.01026 2.14382
5.0116 2.26391
5.01294 2.38383
5.01428 2.50358
5.01562 2.62315
5.01696 2.74252
5.0183 2.8617
5.01964 2.98067
5.02098 3.09942
5.02232 3.21795
5.02366 3.33624
5.025 3.4543
5.02634 3.5721
5.02768 3.68965
5.02902 3.80694
5.03036 3.92395
5.0317 4.04068
5.03304 4.15712
5.03438 4.27327
5.03572 4.38911
5.03706 4.50464
5.0384 4.61985
5.03974 4.73473
5.04108 4.84928
5.04242 4.96349
5.04376 5.07735
5.0451 5.19086
5.04644 5.304
5.04778 5.41677
5.04912 5.52916
5.05046 5.64118
5.0518 5.7528
5.05314 5.86402
5.05448 5.97484
5.05582 6.08525
5.05716 6.19524
5.0585 6.30481
5.05984 6.41395
5.06118 6.52266
5.06252 6.63093
5.06386 6.73874
5.0652 6.84611
5.06654 6.95301
5.06788 7.05946
5.06922 7.16543
5.07056 7.27092
5.0719 7.37594
5.07324 7.48047
5.07458 7.58451
5.07592 7.68805
5.07726 7.79109
5.0786 7.89363
5.07994 7.99565
5.08128 8.09716
5.08262 8.19815
5.08396 8.29861
5.0853 8.39855
5.08664 8.49795
5.08798 8.59682
5.08932 8.69514
5.09066 8.79292
5.092 8.89015
5.09334 8.98683
5.09468 9.08295
5.09602 9.17852
5.09736 9.27352
5.0987 9.36795
5.10004 9.46181
5.10138 9.55511
5.10272 9.64782
5.10406 9.73996
5.1054 9.83152
5.10674 9.92249
5.10808 10.0129
5.10942 10.1027
5.11076 10.1919
5.1121 10.2805
5.11344 10.3685
5.11478 10.4559
5.11612 10.5428
5.11746 10.629
5.1188 10.7146
5.12014 10.7996
5.12148 10.884
5.12282 10.9678
5.12416 11.051
5.1255 11.1336
5.12684 11.2156
5.12818 11.2969
5.12952 11.3777
5.13086 11.4578
5.1322 11.5373
5.13354 11.6162
5.13488 11.6945
5.13622 11.7721
5.13756 11.8492
5.1389 11.9256
5.14024 12.0014
5.14158 12.0766
5.14292 12.1512
5.14426 12.2252
5.1456 12.2985
5.14694 12.3712
5.14828 12.4433
5.14962 12.5148
5.15096 12.5857
5.1523 12.656
5.15364 12.7256
5.15498 12.7946
5.15632 12.8631
5.15766 12.9309
5.159 12.9981
5.16034 13.0646
5.16168 13.1306
5.16302 13.196
5.16436 13.2607
5.1657 13.3249
5.16704 13.3884
5.16838 13.4513
5.16972 13.5137
5.17106 13.5754
5.1724 13.6366
5.17374 13.6971
5.17508 13.757
5.17642 13.8164
5.17776 13.8751
5.1791 13.9333
5.18044 13.9909
5.18178 14.0479
5.18312 14.1043
5.18446 14.1601
5.1858 14.2153
5.18714 14.27
5.18848 14.3241
5.18982 14.3776
5.19116 14.4306
5.1925 14.4829
5.19384 14.5347
5.19518 14.586
5.19652 14.6367
5.19786 14.6868
5.1992 14.7364
5.20054 14.7854
5.20188 14.8338
5.20322 14.8817
5.20456 14.9291
5.2059 14.9759
5.20724 15.0222
5.20858 15.068
5.20992 15.1132
5.21126 15.1578
5.2126 15.202
5.21394 15.2456
5.21528 15.2887
5.21662 15.3313
5.21796 15.3733
5.2193 15.4149
5.22064 15.4559
5.22198 15.4964
5.22332 15.5364
5.22466 15.5759
5.226 15.6149
5.22734 15.6535
5.22868 15.6915
5.23002 15.729
5.23136 15.766
5.2327 15.8026
5.23404 15.8387
5.23538 15.8743
5.23672 15.9094
5.23806 15.944
5.2394 15.9782
5.24074 16.0119
5.24208 16.0452
5.24342 16.0779
5.24476 16.1103
5.2461 16.1421
5.24744 16.1736
5.24878 16.2045
5.25012 16.2351
5.25146 16.2651
5.2528 16.2948
5.25414 16.324
5.25548 16.3528
5.25682 16.3811
5.25816 16.409
5.2595 16.4365
5.26084 16.4636
5.26218 16.4903
5.26352 16.5165
5.26486 16.5423
5.2662 16.5677
5.26754 16.5928
5.26888 16.6174
5.27022 16.6416
5.27156 16.6654
5.2729 16.6888
5.27424 16.7118
5.27558 16.7344
5.27692 16.7567
5.27826 16.7785
5.2796 16.8
5.28094 16.8211
5.28228 16.8418
5.28362 16.8622
5.28496 16.8822
5.2863 16.9018
5.28764 16.921
5.28898 16.9399
5.29032 16.9584
5.29166 16.9766
5.293 16.9944
5.29434 17.0118
5.29568 17.0289
5.29702 17.0457
5.29836 17.0621
5.2997 17.0781
5.30104 17.0938
5.30238 17.1092
5.30372 17.1242
5.30506 17.1389
5.3064 17.1533
5.30774 17.1673
5.30908 17.1811
5.31042 17.1944
5.31176 17.2075
5.3131 17.2202
5.31444 17.2326
5.31578 17.2447
5.31712 17.2565
5.31846 17.2679
5.3198 17.2791
5.32114 17.2899
5.32248 17.3004
5.32382 17.3106
5.32516 17.3205
5.3265 17.3301
5.32784 17.3393
5.32918 17.3483
5.33052 17.357
5.33186 17.3653
5.3332 17.3734
5.33454 17.3812
5.33588 17.3887
5.33722 17.3958
5.33856 17.4027
5.3399 17.4093
5.34124 17.4156
5.34258 17.4216
5.34392 17.4273
5.34526 17.4327
5.3466 17.4379
5.34794 17.4427
5.34928 17.4473
5.35062 17.4515
5.35196 17.4555
5.3533 17.4592
5.35464 17.4626
5.35598 17.4657
5.35732 17.4686
5.35866 17.4711
5.36 17.4734
5.36134 17.4754
5.36268 17.4771
5.36402 17.4785
5.36536 17.4796
5.3667 17.4805
5.36804 17.4811
5.36938 17.4814
5.37072 17.4814
5.37206 17.4811
5.3734 17.4806
5.37474 17.4797
5.37608 17.4786
5.37742 17.4772
5.37876 17.4756
5.3801 17.4736
5.38144 17.4714
5.38278 17.4688
5.38412 17.466
5.38546 17.4629
5.3868 17.4595
5.38814 17.4559
5.38948 17.4519
5.39082 17.4477
5.39216 17.4432
5.3935 17.4384
5.39484 17.4333
5.39618 17.4279
5.39752 17.4222
5.39886 17.4162
5.4002 17.4099
5.40154 17.4034
5.40288 17.3965
5.40422 17.3894
5.40556 17.382
5.4069 17.3742
5.40824 17.3662
5.40958 17.3578
5.41092 17.3492
5.41226 17.3402
5.4136 17.331
5.41494 17.3214
5.41628 17.3116
5.41762 17.3014
5.41896 17.2909
5.4203 17.2801
5.42164 17.269
5.42298 17.2576
5.42432 17.2459
5.42566 17.2338
5.427 17.2215
5.42834 17.2088
5.42968 17.1958
5.43102 17.1824
5.43236 17.1687
5.4337 17.1547
5.43504 17.1404
5.43638 17.1257
5.43772 17.1107
5.43906 17.0954
5.4404 17.0797
5.44174 17.0637
5.44308 17.0473
5.44442 17.0306
5.44576 17.0135
5.4471 16.9961
5.44844 16.9784
5.44978 16.9602
5.45112 16.9418
5.45246 16.9229
5.4538 16.9037
5.45514 16.8841
5.45648 16.8642
5.45782 16.8439
5.45916 16.8232
5.4605 16.8021
5.46184 16.7807
5.46318 16.7589
5.46452 16.7367
5.46586 16.7141
5.4672 16.6911
5.46854 16.6677
5.46988 16.644
5.47122 16.6198
5.47256 16.5952
5.4739 16.5703
5.47524 16.5449
5.47658 16.5191
5.47792 16.4929
5.47926 16.4663
5.4806 16.4393
5.48194 16.4118
5.48328 16.3839
5.48462 16.3556
5.48596 16.3269
5.4873 16.2977
5.48864 16.2681
5.48998 16.2381
5.49132 16.2076
5.49266 16.1767
5.494 16.1453
5.49534 16.1135
5.49668 16.0812
5.49802 16.0485
5.49936 16.0153
5.5007 15.9816
5.50204 15.9475
5.50338 15.9129
5.50472 15.8778
5.50606 15.8423
5.5074 15.8062
5.50874 15.7697
5.51008 15.7327
5.51142 15.6953
5.51276 15.6573
5.5141 15.6188
5.51544 15.5799
5.51678 15.5404
5.51812 15.5004
5.51946 15.46
5.5208 15.419
5.52214 15.3775
5.52348 15.3355
5.52482 15.293
5.52616 15.2499
5.5275 15.2064
5.52884 15.1623
5.53018 15.1177
5.53152 15.0725
5.53286 15.0268
5.5342 14.9806
5.53554 14.9338
5.53688 14.8865
5.53822 14.8387
5.53956 14.7903
5.5409 14.7413
5.54224 14.6918
5.54358 14.6417
5.54492 14.5911
5.54626 14.5399
5.5476 14.4882
5.54894 14.4358
5.55028 14.3829
5.55162 14.3295
5.55296 14.2755
5.5543 14.2208
5.55564 14.1657
5.55698 14.1099
5.55832 14.0536
5.55966 13.9966
5.561 13.9391
5.56234 13.881
5.56368 13.8223
5.56502 13.763
5.56636 13.7031
5.5677 13.6426
5.56904 13.5816
5.57038 13.5199
5.57172 13.4576
5.57306 13.3947
5.5744 13.3313
5.57574 13.2672
5.57708 13.2025
5.57842 13.1372
5.57976 13.0713
5.5811 13.0048
5.58244 12.9376
5.58378 12.8699
5.58512 12.8015
5.58646 12.7326
5.5878 12.663
5.58914 12.5928
5.59048 12.522
5.59182 12.4505
5.59316 12.3785
5.5945 12.3058
5.59584 12.2325
5.59718 12.1586
5.59852 12.0841
5.59986 12.009
5.6012 11.9332
5.60254 11.8569
5.60388 11.7799
5.60522 11.7023
5.60656 11.6241
5.6079 11.5452
5.60924 11.4658
5.61058 11.3857
5.61192 11.305
5.61326 11.2237
5.6146 11.1418
5.61594 11.0593
5.61728 10.9762
5.61862 10.8924
5.61996 10.8081
5.6213 10.7231
5.62264 10.6376
5.62398 10.5514
5.62532 10.4647
5.62666 10.3773
5.628 10.2893
5.62934 10.2008
5.63068 10.1116
5.63202 10.0219
5.63336 9.93157
5.6347 9.84066
5.63604 9.74916
5.63738 9.65708
5.63872 9.56442
5.64006 9.47119
5.6414 9.37738
5.64274 9.283
5.64408 9.18806
5.64542 9.09255
5.64676 8.99649
5.6481 8.89986
5.64944 8.80269
5.65078 8.70496
5.65212 8.60669
5.65346 8.50788
5.6548 8.40853
5.65614 8.30865
5.65748 8.20824
5.65882 8.1073
5.66016 8.00584
5.6615 7.90387
5.66284 7.80139
5.66418 7.6984
5.66552 7.59491
5.66686 7.49092
5.6682 7.38644
5.66954 7.28147
5.67088 7.17602
5.67222 7.0701
5.67356 6.9637
5.6749 6.85684
5.67624 6.74952
5.67758 6.64175
5.67892 6.53353
5.68026 6.42487
5.6816 6.31577
5.68294 6.20624
5.68428 6.09629
5.68562 5.98592
5.68696 5.87514
5.6883 5.76396
5.68964 5.65238
5.69098 5.54041
5.69232 5.42805
5.69366 5.31532
5.695 5.20221
5.69634 5.08874
5.69768 4.97492
5.69902 4.86074
5.70036 4.74623
5.7017 4.63138
5.70304 4.5162
5.70438 4.4007
5.70572 4.28489
5.70706 4.16877
5.7084 4.05236
5.70974 3.93566
5.71108 3.81868
5.71242 3.70142
5.71376 3.5839
5.7151 3.46611
5.71644 3.34808
5.71778 3.22981
5.71912 3.11131
5.72046 2.99258
5.7218 2.87363
5.72314 2.75447
5.72448 2.63512
5.72582 2.51557
5.72716 2.39584
5.7285 2.27594
5.72984 2.15586
5.73118 2.03564
5.73252 1.91526
5.73386 1.79474
5.7352 1.67409
5.73654 1.55332
5.73788 1.43243
5.73922 1.31144
5.74056 1.19035
5.7419 1.06918
5.74324 0.947926
5.74458 0.826603
5.74592 0.705219
5.74726 0.583783
5.7486 0.462304
5.74994 0.340791
5.75128 0.219252
5.75262 0.0976979
5.75396 -0.0238637
5.7553 -0.145424
5.75664 -0.266973
5.75798 -0.388502
5.75932 -0.510003
5.76066 -0.631466
5.762 -0.752883
5.76334 -0.874244
5.76468 -0.995541
5.76602 -1.11677
5.76736 -1.23791
5.7687 -1.35896
5.77004 -1.47991
5.77138 -1.60075
5.77272 -1.72148
5.77406 -1.84207
5.7754 -1.96254
5.77674 -2.08286
5.77808 -2.20303
5.77942 -2.32303
5.78076 -2.44287
5.7821 -2.56253
5.78344 -2.682
5.78478 -2.80128
5.78612 -2.92036
5.78746 -3.03922
5.7888 -3.15786
5.79014 -3.27628
5.79148 -3.39445
5.79282 -3.51239
5.79416 -3.63007
5.7955 -3.74749
5.79684 -3.86464
5.79818 -3.98151
5.79952 -4.0981
5.80086 -4.2144
5.8022 -4.33039
5.80354 -4.44608
5.80488 -4.56146
5.80622 -4.67651
5.80756 -4.79123
5.8089 -4.90561
5.81024 -5.01965
5.81158 -5.13333
5.81292 -5.24666
5.81426 -5.35962
5.8156 -5.47221
5.81694 -5.58441
5.81828 -5.69623
5.81962 -5.80766
5.82096 -5.91869
5.8223 -6.0293
5.82364 -6.13951
5.82498 -6.2493
5.82632 -6.35865
5.82766 -6.46758
5.829 -6.57607
5.83034 -6.68412
5.83168 -6.79171
5.83302 -6.89885
5.83436 -7.00553
5.8357 -7.11174
5.83704 -7.21748
5.83838 -7.32274
5.83972 -7.42752
5.84106 -7.5318
5.8424 -7.6356
5.84374 -7.73889
5.84508 -7.84169
5.84642 -7.94397
5.84776 -8.04574
5.8491 -8.14699
5.85044 -8.24772
5.85178 -8.34793
5.85312 -8.4476
5.85446 -8.54674
5.8558 -8.64534
5.85714 -8.7434
5.85848 -8.84091
5.85982 -8.93787
5.86116 -9.03427
5.8625 -9.13012
5.86384 -9.2254
5.86518 -9.32013
5.86652 -9.41428
5.86786 -9.50786
5.8692 -9.60087
5.87054 -9.6933
5.87188 -9.78515
5.87322 -9.87642
5.87456 -9.96711
5.8759 -10.0572
5.87724 -10.1467
5.87858 -10.2356
5.87992 -10.3239
5.88126 -10.4117
5.8826 -10.4988
5.88394 -10.5853
5.88528 -10.6712
5.88662 -10.7566
5.88796 -10.8413
5.8893 -10.9254
5.89064 -11.0089
5.89198 -11.0918
5.89332 -11.1741
5.89466 -11.2557
5.896 -11.3368
5.89734 -11.4172
5.89868 -11.497
5.90002 -11.5763
5.90136 -11.6549
5.9027 -11.7328
5.90404 -11.8102
5.90538 -11.8869
5.90672 -11.9631
5.90806 -12.0386
5.9094 -12.1135
5.91074 -12.1877
5.91208 -12.2614
5.91342 -12.3344
5.91476 -12.4069
5.9161 -12.4787
5.91744 -12.5498
5.91878 -12.6204
5.92012 -12.6904
5.92146 -12.7597
5.9228 -12.8284
5.92414 -12.8966
5.92548 -12.9641
5.92682 -13.0309
5.92816 -13.0972
5.9295 -13.1629
5.93084 -13.228
5.93218 -13.2924
5.93352 -13.3563
5.93486 -13.4195
5.9362 -13.4821
5.93754 -13.5442
5.93888 -13.6056
5.94022 -13.6665
5.94156 -13.7267
5.9429 -13.7864
5.94424 -13.8454
5.94558 -13.9039
5.94692 -13.9618
5.94826 -14.019
5.9496 -14.0757
5.95094 -14.1319
5.95228 -14.1874
5.95362 -14.2424
5.95496 -14.2967
5.9563 -14.3505
5.95764 -14.4038
5.95898 -14.4564
5.96032 -14.5085
5.96166 -14.5601
5.963 -14.611
5.96434 -14.6614
5.96568 -14.7113
5.96702 -14.7606
5.96836 -14.8093
5.9697 -14.8575
5.97104 -14.9052
5.97238 -14.9523
5.97372 -14.9988
5.97506 -15.0448
5.9764 -15.0903
5.97774 -15.1352
5.97908 -15.1797
5.98042 -15.2235
5.98176 -15.2669
5.9831 -15.3097
5.98444 -15.3521
5.98578 -15.3939
5.98712 -15.4352
5.98846 -15.4759
5.9898 -15.5162
5.99114 -15.556
5.99248 -15.5952
5.99382 -15.634
5.99516 -15.6723
5.9965 -15.71
5.99784 -15.7473
5.99918 -15.7841
6.00052 -15.8204
6.00186 -15.8563
6.0032 -15.8916
6.00454 -15.9265
6.00588 -15.9609
6.00722 -15.9949
6.00856 -16.0284
6.0099 -16.0614
6.01124 -16.0939
6.01258 -16.126
6.01392 -16.1577
6.01526 -16.1889
6.0166 -16.2196
6.01794 -16.2499
6.01928 -16.2798
6.02062 -16.3092
6.02196 -16.3382
6.0233 -16.3668
6.02464 -16.3949
6.02598 -16.4226
6.02732 -16.4499
6.02866 -16.4768
6.03 -16.5032
6.03134 -16.5293
6.03268 -16.5549
6.03402 -16.5801
6.03536 -16.6049
6.0367 -16.6293
6.03804 -16.6533
6.03938 -16.677
6.04072 -16.7002
6.04206 -16.723
6.0434 -16.7454
6.04474 -16.7675
6.04608 -16.7892
6.04742 -16.8105
6.04876 -16.8314
6.0501 -16.8519
6.05144 -16.8721
6.05278 -16.8919
6.05412 -16.9113
6.05546 -16.9304
6.0568 -16.9491
6.05814 -16.9674
6.05948 -16.9854
6.06082 -17.003
6.06216 -17.0203
6.0635 -17.0372
6.06484 -17.0538
6.06618 -17.07
6.06752 -17.0859
6.06886 -17.1015
6.0702 -17.1167
6.07154 -17.1315
6.07288 -17.1461
6.07422 -17.1603
6.07556 -17.1741
6.0769 -17.1877
6.07824 -17.2009
6.07958 -17.2138
6.08092 -17.2264
6.08226 -17.2386
6.0836 -17.2505
6.08494 -17.2621
6.08628 -17.2734
6.08762 -17.2844
6.08896 -17.2951
6.0903 -17.3054
6.09164 -17.3155
6.09298 -17.3252
6.09432 -17.3347
6.09566 -17.3438
6.097 -17.3526
6.09834 -17.3611
6.09968 -17.3694
6.10102 -17.3773
6.10236 -17.3849
6.1037 -17.3922
6.10504 -17.3993
6.10638 -17.406
6.10772 -17.4124
6.10906 -17.4186
6.1104 -17.4244
6.11174 -17.43
6.11308 -17.4353
6.11442 -17.4403
6.11576 -17.445
6.1171 -17.4494
6.11844 -17.4535
6.11978 -17.4574
6.12112 -17.4609
6.12246 -17.4642
6.1238 -17.4672
6.12514 -17.4699
6.12648 -17.4723
6.12782 -17.4744
6.12916 -17.4763
6.1305 -17.4778
6.13184 -17.4791
6.13318 -17.4801
6.13452 -17.4808
6.13586 -17.4813
6.1372 -17.4814
6.13854 -17.4813
6.13988 -17.4809
6.14122 -17.4802
6.14256 -17.4792
6.1439 -17.478
6.14524 -17.4764
6.14658 -17.4746
6.14792 -17.4725
6.14926 -17.4701
6.1506 -17.4675
6.15194 -17.4645
6.15328 -17.4613
6.15462 -17.4578
6.15596 -17.454
6.1573 -17.4499
6.15864 -17.4455
6.15998 -17.4408
6.16132 -17.4359
6.16266 -17.4306
6.164 -17.4251
6.16534 -17.4193
6.16668 -17.4132
6.16802 -17.4068
6.16936 -17.4001
6.1707 -17.3931
6.17204 -17.3858
6.17338 -17.3782
6.17472 -17.3703
6.17606 -17.3621
6.1774 -17.3536
6.17874 -17.3448
6.18008 -17.3357
6.18142 -17.3263
6.18276 -17.3166
6.1841 -17.3066
6.18544 -17.2963
6.18678 -17.2857
6.18812 -17.2747
6.18946 -17.2635
6.1908 -17.2519
6.19214 -17.24
6.19348 -17.2278
6.19482 -17.2153
6.19616 -17.2024
6.1975 -17.1892
6.19884 -17.1757
6.20018 -17.1619
6.20152 -17.1477
6.20286 -17.1332
6.2042 -17.1184
6.20554 -17.1032
6.20688 -17.0877
6.20822 -17.0719
6.20956 -17.0557
6.2109 -17.0391
6.21224 -17.0222
6.21358 -17.005
6.21492 -16.9874
6.21626 -16.9695
6.2176 -16.9512
6.21894 -16.9325
6.22028 -16.9135
6.22162 -16.8941
6.22296 -16.8744
6.2243 -16.8542
6.22564 -16.8337
6.22698 -16.8129
6.22832 -16.7916
6.22966 -16.77
6.231 -16.748
6.23234 -16.7256
6.23368 -16.7028
6.23502 -16.6796
6.23636 -16.6561
6.2377 -16.6321
6.23904 -16.6077
6.24038 -16.583
6.24172 -16.5578
6.24306 -16.5322
6.2444 -16.5062
6.24574 -16.4798
6.24708 -16.453
6.24842 -16.4258
6.24976 -16.3981
6.2511 -16.37
6.25244 -16.3415
6.25378 -16.3126
6.25512 -16.2832
6.25646 -16.2534
6.2578 -16.2231
6.25914 -16.1924
6.26048 -16.1613
6.26182 -16.1297
6.26316 -16.0976
6.2645 -16.0651
6.26584 -16.0322
6.26718 -15.9987
6.26852 -15.9648
6.26986 -15.9305
6.2712 -15.8957
6.27254 -15.8603
6.27388 -15.8246
6.27522 -15.7883
6.27656 -15.7516
6.2779 -15.7143
6.27924 -15.6766
6.28058 -15.6384
6.28192 -15.5997
6.28326 -15.5605
6.2846 -15.5208
6.28594 -15.4806
6.28728 -15.4399
6.28862 -15.3986
6.28996 -15.3569
6.2913 -15.3146
6.29264 -15.2718
6.29398 -15.2285
6.29532 -15.1847
6.29666 -15.1404
6.298 -15.0955
6.29934 -15.0501
6.30068 -15.0041
6.30202 -14.9576
6.30336 -14.9106
6.3047 -14.863
6.30604 -14.8149
6.30738 -14.7662
6.30872 -14.717
6.31006 -14.6672
6.3114 -14.6168
6.31274 -14.5659
6.31408 -14.5145
6.31542 -14.4624
6.31676 -14.4098
6.3181 -14.3567
6.31944 -14.3029
6.32078 -14.2486
6.32212 -14.1937
6.32346 -14.1383
6.3248 -14.0822
6.32614 -14.0256
6.32748 -13.9683
6.32882 -13.9105
6.33016 -13.8521
6.3315 -13.7932
6.33284 -13.7336
6.33418 -13.6734
6.33552 -13.6126
6.33686 -13.5513
6.3382 -13.4893
6.33954 -13.4267
6.34088 -13.3635
6.34222 -13.2998
6.34356 -13.2354
6.3449 -13.1704
6.34624 -13.1048
6.34758 -13.0386
6.34892 -12.9717
6.35026 -12.9043
6.3516 -12.8363
6.35294 -12.7676
6.35428 -12.6983
6.35562 -12.6285
6.35696 -12.558
6.3583 -12.4868
6.35964 -12.4151
6.36098 -12.3428
6.36232 -12.2698
6.36366 -12.1962
6.365 -12.122
6.36634 -12.0472
6.36768 -11.9717
6.36902 -11.8957
6.37036 -11.819
6.3717 -11.7417
6.37304 -11.6638
6.37438 -11.5853
6.37572 -11.5062
6.37706 -11.4264
6.3784 -11.346
6.37974 -11.265
6.38108 -11.1834
6.38242 -11.1012
6.38376 -11.0184
6.3851 -10.935
6.38644 -10.8509
6.38778 -10.7663
6.38912 -10.6811
6.39046 -10.5952
6.3918 -10.5087
6.39314 -10.4217
6.39448 -10.334
6.39582 -10.2458
6.39716 -10.1569
6.3985 -10.0675
6.39984 -9.97746
6.40118 -9.88684
6.40252 -9.79564
6.40386 -9.70386
6.4052 -9.61149
6.40654 -9.51855
6.40788 -9.42503
6.40922 -9.33094
6.41056 -9.23629
6.4119 -9.14106
6.41324 -9.04528
6.41458 -8.94894
6.41592 -8.85204
6.41726 -8.7546
6.4186 -8.6566
6.41994 -8.55807
6.42128 -8.45899
6.42262 -8.35938
6.42396 -8.25923
6.4253 -8.15856
6.42664 -8.05737
6.42798 -7.95566
6.42932 -7.85343
6.43066 -7.7507
6.432 -7.64746
6.43334 -7.54372
6.43468 -7.43949
6.43602 -7.33477
6.43736 -7.22956
6.4387 -7.12388
6.44004 -7.01772
6.44138 -6.9111
6.44272 -6.80401
6.44406 -6.69647
6.4454 -6.58847
6.44674 -6.48003
6.44808 -6.37116
6.44942 -6.26185
6.45076 -6.15211
6.4521 -6.04195
6.45344 -5.93138
6.45478 -5.8204
6.45612 -5.70902
6.45746 -5.59725
6.4588 -5.48508
6.46014 -5.37254
6.46148 -5.25962
6.46282 -5.14634
6.46416 -5.03269
6.4655 -4.91869
6.46684 -4.80435
6.46818 -4.68967
6.46952 -4.57466
6.47086 -4.45932
6.4722 -4.34367
6.47354 -4.2277
6.47488 -4.11144
6.47622 -3.99488
6.47756 -3.87804
6.4789 -3.76092
6.48024 -3.64353
6.48158 -3.52588
6.48292 -3.40798
6.48426 -3.28983
6.4856 -3.17144
6.48694 -3.05282
6.48828 -2.93399
6.48962 -2.81493
6.49096 -2.69568
6.4923 -2.57623
6.49364 -2.45659
6.49498 -2.33677
6.49632 -2.21678
6.49766 -2.09663
6.499 -1.97633
6.50034 -1.85588
6.50168 -1.7353
6.50302 -1.61459
6.50436 -1.49376
6.5057 -1.37282
6.50704 -1.25178
6.50838 -1.13065
6.50972 -1.00943
6.51106 -0.888145
6.5124 -0.76679
6.51374 -0.64538
6.51508 -0.523921
6.51642 -0.402424
6.51776 -0.280898
6.5191 -0.15935
6.52044 -0.0377911
6.52178 0.0837707
6.52312 0.205326
6.52446 0.326867
6.5258 0.448383
6.52714 0.569867
6.52848 0.691308
6.52982 0.812699
6.53116 0.93403
6.5325 1.05529
6.53384 1.17648
6.53518 1.29757
6.53652 1.41858
6.53786 1.53948
6.5392 1.66026
6.54054 1.78092
6.54188 1.90146
6.54322 2.02185
6.54456 2.1421
6.5459 2.26219
6.54724 2.38211
6.54858 2.50186
6.54992 2.62143
6.55126 2.74081
6.5526 2.85999
6.55394 2.97896
6.55528 3.09772
6.55662 3.21625
6.55796 3.33455
6.5593 3.4526
6.56064 3.57041
6.56198 3.68797
6.56332 3.80525
6.56466 3.92227
6.566 4.039
6.56734 4.15545
6.56868 4.2716
6.57002 4.38745
6.57136 4.50298
6.5727 4.6182
6.57404 4.73309
6.57538 4.84764
6.57672 4.96185
6.57806 5.07572
6.5794 5.18923
6.58074 5.30238
6.58208 5.41515
6.58342 5.52755
6.58476 5.63957
6.5861 5.7512
6.58744 5.86243
6.58878 5.97325
6.59012 6.08367
6.59146 6.19367
6.5928 6.30324
6.59414 6.41239
6.59548 6.5211
6.59682 6.62937
6.59816 6.7372
6.5995 6.84457
6.60084 6.95148
6.60218 7.05793
6.60352 7.16391
6.60486 7.26941
6.6062 7.37444
6.60754 7.47897
6.60888 7.58302
6.61022 7.68657
6.61156 7.78961
6.6129 7.89216
6.61424 7.99419
6.61558 8.0957
6.61692 8.1967
6.61826 8.29717
6.6196 8.39712
6.62094 8.49653
6.62228 8.5954
6.62362 8.69373
6.62496 8.79152
6.6263 8.88876
6.62764 8.98545
6.62898 9.08158
6.63032 9.17715
6.63166 9.27216
6.633 9.3666
6.63434 9.46047
6.63568 9.55377
6.63702 9.64649
6.63836 9.73864
6.6397 9.83021
6.64104 9.92119
6.64238 10.0116
6.64372 10.1014
6.64506 10.1906
6.6464 10.2792
6.64774 10.3673
6.64908 10.4547
6.65042 10.5415
6.65176 10.6277
6.6531 10.7134
6.65444 10.7984
6.65578 10.8828
6.65712 10.9666
6.65846 11.0498
6.6598 11.1324
6.66114 11.2144
6.66248 11.2957
6.66382 11.3765
6.66516 11.4566
6.6665 11.5362
6.66784 11.6151
6.66918 11.6934
6.67052 11.771
6.67186 11.8481
6.6732 11.9245
6.67454 12.0004
6.67588 12.0756
6.67722 12.1501
6.67856 12.2241
6.6799 12.2975
6.68124 12.3702
6.68258 12.4423
6.68392 12.5138
6.68526 12.5847
6.6866 12.655
6.68794 12.7246
6.68928 12.7937
6.69062 12.8621
6.69196 12.9299
6.6933 12.9971
6.69464 13.0637
6.69598 13.1297
6.69732 13.195
6.69866 13.2598
6.7 13.324
