0 0
0.00134 -0.0234251
0.00268 -0.0468498
0.00402 -0.0702738
0.00536 -0.0936966
0.0067 -0.117118
0.00804 -0.140537
0.00938 -0.163955
0.01072 -0.187369
0.01206 -0.210781
0.0134 -0.234189
0.01474 -0.257593
0.01608 -0.280993
0.01742 -0.304389
0.01876 -0.327779
0.0201 -0.351165
0.02144 -0.374544
0.02278 -0.397918
0.02412 -0.421285
0.02546 -0.444645
0.0268 -0.467998
0.02814 -0.491344
0.02948 -0.514681
0.03082 -0.53801
0.03216 -0.56133
0.0335 -0.584641
0.03484 -0.607942
0.03618 -0.631234
0.03752 -0.654515
0.03886 -0.677785
0.0402 -0.701044
0.04154 -0.724291
0.04288 -0.747526
0.04422 -0.770749
0.04556 -0.79396
0.0469 -0.817156
0.04824 -0.84034
0.04958 -0.863509
0.05092 -0.886664
0.05226 -0.909803
0.0536 -0.932928
0.05494 -0.956037
0.05628 -0.979129
0.05762 -1.00221
0.05896 -1.02526
0.0603 -1.04831
0.06164 -1.07133
0.06298 -1.09433
0.06432 -1.11732
0.06566 -1.14029
0.067 -1.16324
0.06834 -1.18616
0.06968 -1.20907
0.07102 -1.23196
0.07236 -1.25482
0.0737 -1.27766
0.07504 -1.30048
0.07638 -1.32328
0.07772 -1.34605
0.07906 -1.3688
0.0804 -1.39153
0.08174 -1.41423
0.08308 -1.4369
0.08442 -1.45955
0.08576 -1.48218
0.0871 -1.50477
0.08844 -1.52734
0.08978 -1.54989
0.09112 -1.5724
0.09246 -1.59488
0.0938 -1.61734
0.09514 -1.63976
0.09648 -1.66216
0.09782 -1.68452
0.09916 -1.70686
0.1005 -1.72916
0.10184 -1.75143
0.10318 -1.77366
0.10452 -1.79587
0.10586 -1.81804
0.1072 -1.84017
0.10854 -1.86227
0.10988 -1.88433
0.11122 -1.90636
0.11256 -1.92835
0.1139 -1.9503
0.11524 -1.97221
0.11658 -1.99409
0.11792 -2.01593
0.11926 -2.03773
0.1206 -2.05948
0.12194 -2.0812
0.12328 -2.10287
0.12462 -2.12451
0.12596 -2.1461
0.1273 -2.16764
0.12864 -2.18915
0.12998 -2.2106
0.13132 -2.23202
0.13266 -2.25338
0.134 -2.2747
0.13534 -2.29598
0.13668 -2.3172
0.13802 -2.33838
0.13936 -2.35951
0.1407 -2.38059
0.14204 -2.40162
0.14338 -2.4226
0.14472 -2.44353
0.14606 -2.4644
0.1474 -2.48522
0.14874 -2.50599
0.15008 -2.5267
0.15142 -2.54736
0.15276 -2.56796
0.1541 -2.58851
0.15544 -2.609
0.15678 -2.62943
0.15812 -2.64981
0.15946 -2.67012
0.1608 -2.69038
0.16214 -2.71057
0.16348 -2.7307
0.16482 -2.75077
0.16616 -2.77078
0.1675 -2.79073
0.16884 -2.81061
0.17018 -2.83042
0.17152 -2.85017
0.17286 -2.86986
0.1742 -2.88947
0.17554 -2.90902
0.17688 -2.9285
0.17822 -2.94791
0.17956 -2.96725
0.1809 -2.98652
0.18224 -3.00572
0.18358 -3.02485
0.18492 -3.0439
0.18626 -3.06288
0.1876 -3.08178
0.18894 -3.10061
0.19028 -3.11936
0.19162 -3.13803
0.19296 -3.15663
0.1943 -3.17515
0.19564 -3.19359
0.19698 -3.21195
0.19832 -3.23022
0.19966 -3.24842
0.201 -3.26653
0.20234 -3.28456
0.20368 -3.3025
0.20502 -3.32036
0.20636 -3.33814
0.2077 -3.35582
0.20904 -3.37342
0.21038 -3.39093
0.21172 -3.40836
0.21306 -3.42569
0.2144 -3.44293
0.21574 -3.46008
0.21708 -3.47714
0.21842 -3.4941
0.21976 -3.51097
0.2211 -3.52774
0.22244 -3.54442
0.22378 -3.561
0.22512 -3.57749
0.22646 -3.59388
0.2278 -3.61016
0.22914 -3.62635
0.23048 -3.64244
0.23182 -3.65842
0.23316 -3.67431
0.2345 -3.69009
0.23584 -3.70576
0.23718 -3.72133
0.23852 -3.7368
0.23986 -3.75216
0.2412 -3.76741
0.24254 -3.78255
0.24388 -3.79759
0.24522 -3.81251
0.24656 -3.82733
0.2479 -3.84203
0.24924 -3.85662
0.25058 -3.8711
0.25192 -3.88546
0.25326 -3.89971
0.2546 -3.91384
0.25594 -3.92786
0.25728 -3.94176
0.25862 -3.95554
0.25996 -3.9692
0.2613 -3.98275
0.26264 -3.99617
0.26398 -4.00947
0.26532 -4.02265
0.26666 -4.03571
0.268 -4.04864
0.26934 -4.06145
0.27068 -4.07414
0.27202 -4.0867
0.27336 -4.09913
0.2747 -4.11144
0.27604 -4.12361
0.27738 -4.13566
0.27872 -4.14758
0.28006 -4.15937
0.2814 -4.17103
0.28274 -4.18256
0.28408 -4.19395
0.28542 -4.20521
0.28676 -4.21634
0.2881 -4.22733
0.28944 -4.23819
0.29078 -4.24891
0.29212 -4.25949
0.29346 -4.26994
0.2948 -4.28025
0.29614 -4.29042
0.29748 -4.30045
0.29882 -4.31034
0.30016 -4.32009
0.3015 -4.3297
0.30284 -4.33916
0.30418 -4.34849
0.30552 -4.35767
0.30686 -4.36671
0.3082 -4.3756
0.30954 -4.38435
0.31088 -4.39295
0.31222 -4.40141
0.31356 -4.40971
0.3149 -4.41788
0.31624 -4.42589
0.31758 -4.43375
0.31892 -4.44147
0.32026 -4.44904
0.3216 -4.45645
0.32294 -4.46372
0.32428 -4.47084
0.32562 -4.4778
0.32696 -4.48461
0.3283 -4.49127
0.32964 -4.49777
0.33098 -4.50413
0.33232 -4.51032
0.33366 -4.51637
0.335 -4.52226
0.33634 -4.52799
0.33768 -4.53357
0.33902 -4.53899
0.34036 -4.54426
0.3417 -4.54937
0.34304 -4.55432
0.34438 -4.55911
0.34572 -4.56375
0.34706 -4.56823
0.3484 -4.57255
0.34974 -4.57671
0.35108 -4.58071
0.35242 -4.58456
0.35376 -4.58824
0.3551 -4.59176
0.35644 -4.59512
0.35778 -4.59833
0.35912 -4.60137
0.36046 -4.60425
0.3618 -4.60697
0.36314 -4.60953
0.36448 -4.61192
0.36582 -4.61416
0.36716 -4.61623
0.3685 -4.61814
0.36984 -4.61989
0.37118 -4.62148
0.37252 -4.6229
0.37386 -4.62417
0.3752 -4.62527
0.37654 -4.6262
0.37788 -4.62698
0.37922 -4.62759
0.38056 -4.62804
0.3819 -4.62832
0.38324 -4.62845
0.38458 -4.6284
0.38592 -4.6282
0.38726 -4.62784
0.3886 -4.62731
0.38994 -4.62662
0.39128 -4.62576
0.39262 -4.62474
0.39396 -4.62356
0.3953 -4.62222
0.39664 -4.62072
0.39798 -4.61905
0.39932 -4.61722
0.40066 -4.61523
0.402 -4.61308
0.40334 -4.61076
0.40468 -4.60829
0.40602 -4.60565
0.40736 -4.60285
0.4087 -4.59989
0.41004 -4.59677
0.41138 -4.59349
0.41272 -4.59004
0.41406 -4.58644
0.4154 -4.58268
0.41674 -4.57876
0.41808 -4.57468
0.41942 -4.57044
0.42076 -4.56604
0.4221 -4.56149
0.42344 -4.55677
0.42478 -4.5519
0.42612 -4.54687
0.42746 -4.54168
0.4288 -4.53634
0.43014 -4.53084
0.43148 -4.52519
0.43282 -4.51937
0.43416 -4.51341
0.4355 -4.50729
0.43684 -4.50101
0.43818 -4.49459
0.43952 -4.48801
0.44086 -4.48127
0.4422 -4.47439
0.44354 -4.46735
0.44488 -4.46016
0.44622 -4.45282
0.44756 -4.44533
0.4489 -4.43769
0.45024 -4.4299
0.45158 -4.42196
0.45292 -4.41387
0.45426 -4.40564
0.4556 -4.39726
0.45694 -4.38873
0.45828 -4.38005
0.45962 -4.37123
0.46096 -4.36227
0.4623 -4.35316
0.46364 -4.34391
0.46498 -4.33452
0.46632 -4.32498
0.46766 -4.3153
0.469 -4.30548
0.47034 -4.29552
0.47168 -4.28542
0.47302 -4.27518
0.47436 -4.26481
0.4757 -4.25429
0.47704 -4.24364
0.47838 -4.23285
0.47972 -4.22193
0.48106 -4.21087
0.4824 -4.19968
0.48374 -4.18835
0.48508 -4.17689
0.48642 -4.1653
0.48776 -4.15358
0.4891 -4.14172
0.49044 -4.12974
0.49178 -4.11763
0.49312 -4.10539
0.49446 -4.09302
0.4958 -4.08052
0.49714 -4.0679
0.49848 -4.05516
0.49982 -4.04228
0.50116 -4.02929
0.5025 -4.01617
0.50384 -4.00293
0.50518 -3.98957
0.50652 -3.97609
0.50786 -3.96248
0.5092 -3.94876
0.51054 -3.93492
0.51188 -3.92096
0.51322 -3.90689
0.51456 -3.8927
0.5159 -3.87839
0.51724 -3.86397
0.51858 -3.84944
0.51992 -3.8348
0.52126 -3.82004
0.5226 -3.80517
0.52394 -3.79019
0.52528 -3.7751
0.52662 -3.75991
0.52796 -3.7446
0.5293 -3.72919
0.53064 -3.71367
0.53198 -3.69805
0.53332 -3.68232
0.53466 -3.66649
0.536 -3.65056
0.53734 -3.63452
0.53868 -3.61839
0.54002 -3.60215
0.54136 -3.58581
0.5427 -3.56938
0.54404 -3.55284
0.54538 -3.53621
0.54672 -3.51949
0.54806 -3.50267
0.5494 -3.48575
0.55074 -3.46874
0.55208 -3.45164
0.55342 -3.43444
0.55476 -3.41716
0.5561 -3.39978
0.55744 -3.38232
0.55878 -3.36476
0.56012 -3.34712
0.56146 -3.32939
0.5628 -3.31157
0.56414 -3.29367
0.56548 -3.27568
0.56682 -3.25761
0.56816 -3.23946
0.5695 -3.22122
0.57084 -3.20291
0.57218 -3.18451
0.57352 -3.16603
0.57486 -3.14747
0.5762 -3.12884
0.57754 -3.11013
0.57888 -3.09134
0.58022 -3.07247
0.58156 -3.05353
0.5829 -3.03452
0.58424 -3.01543
0.58558 -2.99627
0.58692 -2.97703
0.58826 -2.95773
0.5896 -2.93835
0.59094 -2.91891
0.59228 -2.8994
0.59362 -2.87981
0.59496 -2.86016
0.5963 -2.84045
0.59764 -2.82066
0.59898 -2.80082
0.60032 -2.7809
0.60166 -2.76093
0.603 -2.74089
0.60434 -2.72079
0.60568 -2.70062
0.60702 -2.6804
0.60836 -2.66012
0.6097 -2.63977
0.61104 -2.61937
0.61238 -2.59891
0.61372 -2.57839
0.61506 -2.55782
0.6164 -2.53719
0.61774 -2.5165
0.61908 -2.49576
0.62042 -2.47497
0.62176 -2.45412
0.6231 -2.43322
0.62444 -2.41227
0.62578 -2.39126
0.62712 -2.37021
0.62846 -2.3491
0.6298 -2.32795
0.63114 -2.30675
0.63248 -2.2855
0.63382 -2.2642
0.63516 -2.24286
0.6365 -2.22147
0.63784 -2.20003
0.63918 -2.17855
0.64052 -2.15703
0.64186 -2.13546
0.6432 -2.11385
0.64454 -2.0922
0.64588 -2.0705
0.64722 -2.04876
0.64856 -2.02699
0.6499 -2.00517
0.65124 -1.98331
0.65258 -1.96142
0.65392 -1.93949
0.65526 -1.91751
0.6566 -1.89551
0.65794 -1.87346
0.65928 -1.85138
0.66062 -1.82926
0.66196 -1.80711
0.6633 -1.78493
0.66464 -1.76271
0.66598 -1.74046
0.66732 -1.71817
0.66866 -1.69585
0.67 -1.67351
0.67134 -1.65113
0.67268 -1.62872
0.67402 -1.60628
0.67536 -1.58381
0.6767 -1.56131
0.67804 -1.53878
0.67938 -1.51622
0.68072 -1.49364
0.68206 -1.47103
0.6834 -1.44839
0.68474 -1.42573
0.68608 -1.40304
0.68742 -1.38033
0.68876 -1.35759
0.6901 -1.33483
0.69144 -1.31205
0.69278 -1.28924
0.69412 -1.26641
0.69546 -1.24355
0.6968 -1.22068
0.69814 -1.19778
0.69948 -1.17487
0.70082 -1.15193
0.70216 -1.12897
0.7035 -1.10599
0.70484 -1.083
0.70618 -1.05998
0.70752 -1.03695
0.70886 -1.0139
0.7102 -0.990834
0.71154 -0.96775
0.71288 -0.944649
0.71422 -0.921533
0.71556 -0.898401
0.7169 -0.875253
0.71824 -0.852091
0.71958 -0.828915
0.72092 -0.805725
0.72226 -0.782522
0.7236 -0.759305
0.72494 -0.736076
0.72628 -0.712835
0.72762 -0.689582
0.72896 -0.666317
0.7303 -0.643042
0.73164 -0.619756
0.73298 -0.596459
0.73432 -0.573153
0.73566 -0.549838
0.737 -0.526513
0.73834 -0.50318
0.73968 -0.479839
0.74102 -0.456489
0.74236 -0.433133
0.7437 -0.409769
0.74504 -0.386399
0.74638 -0.363022
0.74772 -0.33964
0.74906 -0.316252
0.7504 -0.292858
0.75174 -0.269461
0.75308 -0.246058
0.75442 -0.222652
0.75576 -0.199242
0.7571 -0.175829
0.75844 -0.152413
0.75978 -0.128995
0.76112 -0.105575
0.76246 -0.0821526
0.7638 -0.0587291
0.76514 -0.0353047
0.76648 -0.0118798
0.76782 0.0115454
0.76916 0.0349703
0.7705 0.0583947
0.77184 0.0818182
0.77318 0.10524
0.77452 0.128661
0.77586 0.152079
0.7772 0.175495
0.77854 0.198908
0.77988 0.222318
0.78122 0.245724
0.78256 0.269127
0.7839 0.292525
0.78524 0.315918
0.78658 0.339306
0.78792 0.362688
0.78926 0.386065
0.7906 0.409436
0.79194 0.432799
0.79328 0.456156
0.79462 0.479505
0.79596 0.502847
0.7973 0.52618
0.79864 0.549505
0.79998 0.57282
0.80132 0.596127
0.80266 0.619423
0.804 0.642709
0.80534 0.665985
0.80668 0.68925
0.80802 0.712503
0.80936 0.735745
0.8107 0.758974
0.81204 0.78219
0.81338 0.805394
0.81472 0.828584
0.81606 0.851761
0.8174 0.874923
0.81874 0.89807
0.82008 0.921203
0.82142 0.944319
0.82276 0.96742
0.8241 0.990505
0.82544 1.01357
0.82678 1.03662
0.82812 1.05966
0.82946 1.08267
0.8308 1.10567
0.83214 1.12864
0.83348 1.1516
0.83482 1.17454
0.83616 1.19746
0.8375 1.22035
0.83884 1.24323
0.84018 1.26608
0.84152 1.28891
0.84286 1.31172
0.8442 1.33451
0.84554 1.35727
0.84688 1.38001
0.84822 1.40272
0.84956 1.42541
0.8509 1.44807
0.85224 1.47071
0.85358 1.49332
0.85492 1.5159
0.85626 1.53846
0.8576 1.56098
0.85894 1.58348
0.86028 1.60595
0.86162 1.6284
0.86296 1.65081
0.8643 1.67319
0.86564 1.69554
0.86698 1.71785
0.86832 1.74014
0.86966 1.76239
0.871 1.78461
0.87234 1.8068
0.87368 1.82895
0.87502 1.85107
0.87636 1.87315
0.8777 1.89519
0.87904 1.9172
0.88038 1.93917
0.88172 1.96111
0.88306 1.983
0.8844 2.00486
0.88574 2.02668
0.88708 2.04845
0.88842 2.07019
0.88976 2.09189
0.8911 2.11354
0.89244 2.13515
0.89378 2.15672
0.89512 2.17825
0.89646 2.19973
0.8978 2.22116
0.89914 2.24255
0.90048 2.2639
0.90182 2.2852
0.90316 2.30645
0.9045 2.32765
0.90584 2.3488
0.90718 2.36991
0.90852 2.39096
0.90986 2.41197
0.9112 2.43292
0.91254 2.45382
0.91388 2.47467
0.91522 2.49546
0.91656 2.5162
0.9179 2.53689
0.91924 2.55752
0.92058 2.5781
0.92192 2.59862
0.92326 2.61908
0.9246 2.63948
0.92594 2.65983
0.92728 2.68011
0.92862 2.70034
0.92996 2.7205
0.9313 2.7406
0.93264 2.76064
0.93398 2.78062
0.93532 2.80053
0.93666 2.82038
0.938 2.84017
0.93934 2.85988
0.94068 2.87953
0.94202 2.89912
0.94336 2.91863
0.9447 2.93808
0.94604 2.95745
0.94738 2.97676
0.94872 2.99599
0.95006 3.01516
0.9514 3.03425
0.95274 3.05326
0.95408 3.0722
0.95542 3.09107
0.95676 3.10986
0.9581 3.12857
0.95944 3.14721
0.96078 3.16577
0.96212 3.18425
0.96346 3.20265
0.9648 3.22096
0.96614 3.2392
0.96748 3.25735
0.96882 3.27543
0.97016 3.29341
0.9715 3.31132
0.97284 3.32913
0.97418 3.34687
0.97552 3.36451
0.97686 3.38207
0.9782 3.39953
0.97954 3.41691
0.98088 3.4342
0.98222 3.45139
0.98356 3.4685
0.9849 3.48551
0.98624 3.50243
0.98758 3.51925
0.98892 3.53598
0.99026 3.55261
0.9916 3.56914
0.99294 3.58558
0.99428 3.60192
0.99562 3.61816
0.99696 3.63429
0.9983 3.65033
0.99964 3.66627
1.00098 3.6821
1.00232 3.69783
1.00366 3.71345
1.005 3.72897
1.00634 3.74438
1.00768 3.75969
1.00902 3.77489
1.01036 3.78998
1.0117 3.80496
1.01304 3.81983
1.01438 3.83459
1.01572 3.84923
1.01706 3.86377
1.0184 3.87819
1.01974 3.8925
1.02108 3.90669
1.02242 3.92076
1.02376 3.93472
1.0251 3.94856
1.02644 3.96229
1.02778 3.97589
1.02912 3.98938
1.03046 4.00274
1.0318 4.01598
1.03314 4.0291
1.03448 4.0421
1.03582 4.05497
1.03716 4.06772
1.0385 4.08034
1.03984 4.09284
1.04118 4.10521
1.04252 4.11745
1.04386 4.12957
1.0452 4.14155
1.04654 4.15341
1.04788 4.16513
1.04922 4.17673
1.05056 4.18819
1.0519 4.19952
1.05324 4.21071
1.05458 4.22177
1.05592 4.2327
1.05726 4.24349
1.0586 4.25414
1.05994 4.26466
1.06128 4.27504
1.06262 4.28528
1.06396 4.29538
1.0653 4.30534
1.06664 4.31516
1.06798 4.32484
1.06932 4.33438
1.07066 4.34378
1.072 4.35303
1.07334 4.36214
1.07468 4.37111
1.07602 4.37993
1.07736 4.38861
1.0787 4.39714
1.08004 4.40552
1.08138 4.41376
1.08272 4.42184
1.08406 4.42978
1.0854 4.43758
1.08674 4.44522
1.08808 4.45271
1.08942 4.46005
1.09076 4.46725
1.0921 4.47429
1.09344 4.48117
1.09478 4.48791
1.09612 4.49449
1.09746 4.50092
1.0988 4.5072
1.10014 4.51332
1.10148 4.51929
1.10282 4.5251
1.10416 4.53076
1.1055 4.53626
1.10684 4.54161
1.10818 4.5468
1.10952 4.55183
1.11086 4.5567
1.1122 4.56142
1.11354 4.56598
1.11488 4.57038
1.11622 4.57462
1.11756 4.5787
1.1189 4.58263
1.12024 4.58639
1.12158 4.58999
1.12292 4.59344
1.12426 4.59672
1.1256 4.59985
1.12694 4.60281
1.12828 4.60561
1.12962 4.60825
1.13096 4.61073
1.1323 4.61305
1.13364 4.6152
1.13498 4.61719
1.13632 4.61903
1.13766 4.6207
1.139 4.6222
1.14034 4.62355
1.14168 4.62473
1.14302 4.62575
1.14436 4.6266
1.1457 4.6273
1.14704 4.62783
1.14838 4.6282
1.14972 4.6284
1.15106 4.62845
1.1524 4.62833
1.15374 4.62804
1.15508 4.6276
1.15642 4.62699
1.15776 4.62622
1.1591 4.62528
1.16044 4.62418
1.16178 4.62292
1.16312 4.6215
1.16446 4.61992
1.1658 4.61817
1.16714 4.61626
1.16848 4.61419
1.16982 4.61196
1.17116 4.60956
1.1725 4.60701
1.17384 4.60429
1.17518 4.60141
1.17652 4.59837
1.17786 4.59517
1.1792 4.59181
1.18054 4.58829
1.18188 4.58461
1.18322 4.58077
1.18456 4.57677
1.1859 4.57261
1.18724 4.56829
1.18858 4.56382
1.18992 4.55918
1.19126 4.55439
1.1926 4.54944
1.19394 4.54433
1.19528 4.53907
1.19662 4.53365
1.19796 4.52807
1.1993 4.52234
1.20064 4.51645
1.20198 4.51041
1.20332 4.50422
1.20466 4.49787
1.206 4.49136
1.20734 4.48471
1.20868 4.4779
1.21002 4.47094
1.21136 4.46382
1.2127 4.45656
1.21404 4.44914
1.21538 4.44158
1.21672 4.43387
1.21806 4.426
1.2194 4.41799
1.22074 4.40983
1.22208 4.40153
1.22342 4.39307
1.22476 4.38447
1.2261 4.37573
1.22744 4.36684
1.22878 4.3578
1.23012 4.34862
1.23146 4.3393
1.2328 4.32983
1.23414 4.32023
1.23548 4.31048
1.23682 4.30059
1.23816 4.29056
1.2395 4.28039
1.24084 4.27009
1.24218 4.25964
1.24352 4.24906
1.24486 4.23834
1.2462 4.22749
1.24754 4.2165
1.24888 4.20537
1.25022 4.19411
1.25156 4.18272
1.2529 4.17119
1.25424 4.15954
1.25558 4.14775
1.25692 4.13583
1.25826 4.12379
1.2596 4.11161
1.26094 4.09931
1.26228 4.08688
1.26362 4.07432
1.26496 4.06164
1.2663 4.04883
1.26764 4.03589
1.26898 4.02284
1.27032 4.00966
1.27166 3.99636
1.273 3.98294
1.27434 3.9694
1.27568 3.95573
1.27702 3.94195
1.27836 3.92806
1.2797 3.91404
1.28104 3.89991
1.28238 3.88566
1.28372 3.8713
1.28506 3.85683
1.2864 3.84224
1.28774 3.82754
1.28908 3.81272
1.29042 3.7978
1.29176 3.78277
1.2931 3.76763
1.29444 3.75238
1.29578 3.73702
1.29712 3.72156
1.29846 3.70599
1.2998 3.69031
1.30114 3.67453
1.30248 3.65865
1.30382 3.64267
1.30516 3.62658
1.3065 3.6104
1.30784 3.59411
1.30918 3.57772
1.31052 3.56124
1.31186 3.54466
1.3132 3.52798
1.31454 3.51121
1.31588 3.49434
1.31722 3.47738
1.31856 3.46032
1.3199 3.44318
1.32124 3.42594
1.32258 3.4086
1.32392 3.39118
1.32526 3.37367
1.3266 3.35608
1.32794 3.33839
1.32928 3.32062
1.33062 3.30276
1.33196 3.28482
1.3333 3.26679
1.33464 3.24868
1.33598 3.23048
1.33732 3.21221
1.33866 3.19385
1.34 3.17541
1.34134 3.1569
1.34268 3.1383
1.34402 3.11963
1.34536 3.10088
1.3467 3.08205
1.34804 3.06315
1.34938 3.04417
1.35072 3.02512
1.35206 3.00599
1.3534 2.9868
1.35474 2.96753
1.35608 2.94819
1.35742 2.92878
1.35876 2.9093
1.3601 2.88975
1.36144 2.87014
1.36278 2.85045
1.36412 2.83071
1.36546 2.81089
1.3668 2.79101
1.36814 2.77107
1.36948 2.75106
1.37082 2.73099
1.37216 2.71086
1.3735 2.69066
1.37484 2.67041
1.37618 2.6501
1.37752 2.62972
1.37886 2.60929
1.3802 2.5888
1.38154 2.56826
1.38288 2.54766
1.38422 2.527
1.38556 2.50629
1.3869 2.48552
1.38824 2.4647
1.38958 2.44382
1.39092 2.4229
1.39226 2.40192
1.3936 2.38089
1.39494 2.35981
1.39628 2.33868
1.39762 2.31751
1.39896 2.29628
1.4003 2.27501
1.40164 2.25369
1.40298 2.23232
1.40432 2.21091
1.40566 2.18945
1.407 2.16795
1.40834 2.1464
1.40968 2.12481
1.41102 2.10318
1.41236 2.08151
1.4137 2.05979
1.41504 2.03804
1.41638 2.01624
1.41772 1.9944
1.41906 1.97253
1.4204 1.95061
1.42174 1.92866
1.42308 1.90667
1.42442 1.88465
1.42576 1.86258
1.4271 1.84048
1.42844 1.81835
1.42978 1.79618
1.43112 1.77398
1.43246 1.75175
1.4338 1.72948
1.43514 1.70718
1.43648 1.68484
1.43782 1.66248
1.43916 1.64008
1.4405 1.61766
1.44184 1.5952
1.44318 1.57272
1.44452 1.55021
1.44586 1.52767
1.4472 1.5051
1.44854 1.4825
1.44988 1.45988
1.45122 1.43723
1.45256 1.41455
1.4539 1.39185
1.45524 1.36913
1.45658 1.34638
1.45792 1.3236
1.45926 1.30081
1.4606 1.27799
1.46194 1.25515
1.46328 1.23228
1.46462 1.2094
1.46596 1.18649
1.4673 1.16356
1.46864 1.14062
1.46998 1.11765
1.47132 1.09466
1.47266 1.07166
1.474 1.04863
1.47534 1.02559
1.47668 1.00253
1.47802 0.979459
1.47936 0.956367
1.4807 0.933258
1.48204 0.910134
1.48338 0.886994
1.48472 0.86384
1.48606 0.840671
1.4874 0.817488
1.48874 0.794291
1.49008 0.771081
1.49142 0.747858
1.49276 0.724623
1.4941 0.701376
1.49544 0.678117
1.49678 0.654847
1.49812 0.631566
1.49946 0.608275
1.5008 0.584974
1.50214 0.561663
1.50348 0.538343
1.50482 0.515014
1.50616 0.491677
1.5075 0.468332
1.50884 0.444979
1.51018 0.421619
1.51152 0.398252
1.51286 0.374878
1.5142 0.351499
1.51554 0.328113
1.51688 0.304723
1.51822 0.281327
1.51956 0.257927
1.5209 0.234523
1.52224 0.211115
1.52358 0.187703
1.52492 0.164289
1.52626 0.140872
1.5276 0.117452
1.52894 0.0940311
1.53028 0.0706083
1.53162 0.0471844
1.53296 0.0237597
1.5343 0.000334556
1.53564 -0.0230905
1.53698 -0.0465153
1.53832 -0.0699393
1.53966 -0.0933621
1.541 -0.116783
1.54234 -0.140203
1.54368 -0.16362
1.54502 -0.187035
1.54636 -0.210446
1.5477 -0.233854
1.54904 -0.257259
1.55038 -0.280659
1.55172 -0.304055
1.55306 -0.327445
1.5544 -0.350831
1.55574 -0.374211
1.55708 -0.397584
1.55842 -0.420951
1.55976 -0.444312
1.5611 -0.467665
1.56244 -0.49101
1.56378 -0.514348
1.56512 -0.537677
1.56646 -0.560997
1.5678 -0.584308
1.56914 -0.60761
1.57048 -0.630901
1.57182 -0.654182
1.57316 -0.677453
1.5745 -0.700712
1.57584 -0.723959
1.57718 -0.747195
1.57852 -0.770418
1.57986 -0.793628
1.5812 -0.816825
1.58254 -0.840009
1.58388 -0.863178
1.58522 -0.886333
1.58656 -0.909473
1.5879 -0.932598
1.58924 -0.955707
1.59058 -0.9788
1.59192 -1.00188
1.59326 -1.02493
1.5946 -1.04798
1.59594 -1.071
1.59728 -1.09401
1.59862 -1.11699
1.59996 -1.13996
1.6013 -1.16291
1.60264 -1.18584
1.60398 -1.20874
1.60532 -1.23163
1.60666 -1.25449
1.608 -1.27734
1.60934 -1.30016
1.61068 -1.32295
1.61202 -1.34573
1.61336 -1.36848
1.6147 -1.3912
1.61604 -1.4139
1.61738 -1.43658
1.61872 -1.45923
1.62006 -1.48185
1.6214 -1.50445
1.62274 -1.52702
1.62408 -1.54956
1.62542 -1.57208
1.62676 -1.59456
1.6281 -1.61702
1.62944 -1.63944
1.63078 -1.66184
1.63212 -1.68421
1.63346 -1.70654
1.6348 -1.72884
1.63614 -1.75111
1.63748 -1.77335
1.63882 -1.79555
1.64016 -1.81772
1.6415 -1.83985
1.64284 -1.86195
1.64418 -1.88402
1.64552 -1.90604
1.64686 -1.92803
1.6482 -1.94999
1.64954 -1.9719
1.65088 -1.99378
1.65222 -2.01562
1.65356 -2.03741
1.6549 -2.05917
1.65624 -2.08089
1.65758 -2.10256
1.65892 -2.1242
1.66026 -2.14579
1.6616 -2.16734
1.66294 -2.18884
1.66428 -2.2103
1.66562 -2.23171
1.66696 -2.25308
1.6683 -2.2744
1.66964 -2.29568
1.67098 -2.3169
1.67232 -2.33808
1.67366 -2.35921
1.675 -2.38029
1.67634 -2.40132
1.67768 -2.4223
1.67902 -2.44323
1.68036 -2.4641
1.6817 -2.48492
1.68304 -2.50569
1.68438 -2.52641
1.68572 -2.54707
1.68706 -2.56767
1.6884 -2.58822
1.68974 -2.60871
1.69108 -2.62914
1.69242 -2.64952
1.69376 -2.66983
1.6951 -2.69009
1.69644 -2.71028
1.69778 -2.73042
1.69912 -2.75049
1.70046 -2.7705
1.7018 -2.79044
1.70314 -2.81032
1.70448 -2.83014
1.70582 -2.84989
1.70716 -2.86958
1.7085 -2.88919
1.70984 -2.90874
1.71118 -2.92822
1.71252 -2.94764
1.71386 -2.96698
1.7152 -2.98625
1.71654 -3.00545
1.71788 -3.02457
1.71922 -3.04363
1.72056 -3.06261
1.7219 -3.08151
1.72324 -3.10034
1.72458 -3.11909
1.72592 -3.13777
1.72726 -3.15637
1.7286 -3.17488
1.72994 -3.19332
1.73128 -3.21168
1.73262 -3.22996
1.73396 -3.24816
1.7353 -3.26627
1.73664 -3.2843
1.73798 -3.30225
1.73932 -3.32011
1.74066 -3.33788
1.742 -3.35557
1.74334 -3.37317
1.74468 -3.39069
1.74602 -3.40811
1.74736 -3.42544
1.7487 -3.44268
1.75004 -3.45983
1.75138 -3.47689
1.75272 -3.49386
1.75406 -3.51073
1.7554 -3.52751
1.75674 -3.54419
1.75808 -3.56077
1.75942 -3.57726
1.76076 -3.59364
1.7621 -3.60993
1.76344 -3.62612
1.76478 -3.64221
1.76612 -3.6582
1.76746 -3.67408
1.7688 -3.68986
1.77014 -3.70554
1.77148 -3.72111
1.77282 -3.73658
1.77416 -3.75194
1.7755 -3.76719
1.77684 -3.78234
1.77818 -3.79737
1.77952 -3.8123
1.78086 -3.82712
1.7822 -3.84182
1.78354 -3.85641
1.78488 -3.87089
1.78622 -3.88525
1.78756 -3.89951
1.7889 -3.91364
1.79024 -3.92766
1.79158 -3.94156
1.79292 -3.95534
1.79426 -3.96901
1.7956 -3.98255
1.79694 -3.99598
1.79828 -4.00928
1.79962 -4.02246
1.80096 -4.03552
1.8023 -4.04846
1.80364 -4.06127
1.80498 -4.07396
1.80632 -4.08652
1.80766 -4.09895
1.809 -4.11126
1.81034 -4.12344
1.81168 -4.13549
1.81302 -4.14741
1.81436 -4.1592
1.8157 -4.17086
1.81704 -4.18239
1.81838 -4.19379
1.81972 -4.20505
1.82106 -4.21618
1.8224 -4.22717
1.82374 -4.23803
1.82508 -4.24876
1.82642 -4.25934
1.82776 -4.26979
1.8291 -4.2801
1.83044 -4.29027
1.83178 -4.30031
1.83312 -4.3102
1.83446 -4.31995
1.8358 -4.32956
1.83714 -4.33903
1.83848 -4.34836
1.83982 -4.35754
1.84116 -4.36658
1.8425 -4.37547
1.84384 -4.38422
1.84518 -4.39283
1.84652 -4.40129
1.84786 -4.4096
1.8492 -4.41776
1.85054 -4.42578
1.85188 -4.43364
1.85322 -4.44136
1.85456 -4.44893
1.8559 -4.45635
1.85724 -4.46362
1.85858 -4.47074
1.85992 -4.4777
1.86126 -4.48451
1.8626 -4.49118
1.86394 -4.49768
1.86528 -4.50404
1.86662 -4.51024
1.86796 -4.51628
1.8693 -4.52218
1.87064 -4.52791
1.87198 -4.53349
1.87332 -4.53892
1.87466 -4.54418
1.876 -4.5493
1.87734 -4.55425
1.87868 -4.55905
1.88002 -4.56369
1.88136 -4.56817
1.8827 -4.57249
1.88404 -4.57665
1.88538 -4.58066
1.88672 -4.5845
1.88806 -4.58819
1.8894 -4.59171
1.89074 -4.59508
1.89208 -4.59828
1.89342 -4.60133
1.89476 -4.60421
1.8961 -4.60693
1.89744 -4.60949
1.89878 -4.61189
1.90012 -4.61413
1.90146 -4.6162
1.9028 -4.61812
1.90414 -4.61987
1.90548 -4.62146
1.90682 -4.62289
1.90816 -4.62415
1.9095 -4.62525
1.91084 -4.62619
1.91218 -4.62697
1.91352 -4.62758
1.91486 -4.62803
1.9162 -4.62832
1.91754 -4.62845
1.91888 -4.62841
1.92022 -4.62821
1.92156 -4.62784
1.9229 -4.62732
1.92424 -4.62663
1.92558 -4.62578
1.92692 -4.62476
1.92826 -4.62358
1.9296 -4.62224
1.93094 -4.62074
1.93228 -4.61908
1.93362 -4.61725
1.93496 -4.61526
1.9363 -4.61311
1.93764 -4.6108
1.93898 -4.60832
1.94032 -4.60569
1.94166 -4.60289
1.943 -4.59993
1.94434 -4.59681
1.94568 -4.59354
1.94702 -4.5901
1.94836 -4.5865
1.9497 -4.58274
1.95104 -4.57882
1.95238 -4.57474
1.95372 -4.5705
1.95506 -4.56611
1.9564 -4.56155
1.95774 -4.55684
1.95908 -4.55197
1.96042 -4.54694
1.96176 -4.54176
1.9631 -4.53642
1.96444 -4.53092
1.96578 -4.52527
1.96712 -4.51946
1.96846 -4.5135
1.9698 -4.50738
1.97114 -4.50111
1.97248 -4.49468
1.97382 -4.4881
1.97516 -4.48137
1.9765 -4.47449
1.97784 -4.46745
1.97918 -4.46026
1.98052 -4.45292
1.98186 -4.44544
1.9832 -4.4378
1.98454 -4.43001
1.98588 -4.42207
1.98722 -4.41399
1.98856 -4.40576
1.9899 -4.39738
1.99124 -4.38885
1.99258 -4.38018
1.99392 -4.37136
1.99526 -4.3624
1.9966 -4.35329
1.99794 -4.34405
1.99928 -4.33465
2.00062 -4.32512
2.00196 -4.31544
2.0033 -4.30562
2.00464 -4.29567
2.00598 -4.28557
2.00732 -4.27533
2.00866 -4.26496
2.01 -4.25444
2.01134 -4.24379
2.01268 -4.23301
2.01402 -4.22209
2.01536 -4.21103
2.0167 -4.19984
2.01804 -4.18851
2.01938 -4.17706
2.02072 -4.16547
2.02206 -4.15375
2.0234 -4.14189
2.02474 -4.12991
2.02608 -4.1178
2.02742 -4.10556
2.02876 -4.0932
2.0301 -4.0807
2.03144 -4.06808
2.03278 -4.05534
2.03412 -4.04247
2.03546 -4.02948
2.0368 -4.01636
2.03814 -4.00312
2.03948 -3.98976
2.04082 -3.97628
2.04216 -3.96268
2.0435 -3.94896
2.04484 -3.93512
2.04618 -3.92116
2.04752 -3.90709
2.04886 -3.8929
2.0502 -3.8786
2.05154 -3.86418
2.05288 -3.84965
2.05422 -3.83501
2.05556 -3.82025
2.0569 -3.80538
2.05824 -3.79041
2.05958 -3.77532
2.06092 -3.76012
2.06226 -3.74482
2.0636 -3.72941
2.06494 -3.7139
2.06628 -3.69827
2.06762 -3.68255
2.06896 -3.66672
2.0703 -3.65079
2.07164 -3.63475
2.07298 -3.61862
2.07432 -3.60238
2.07566 -3.58605
2.077 -3.56961
2.07834 -3.55308
2.07968 -3.53645
2.08102 -3.51973
2.08236 -3.50291
2.0837 -3.48599
2.08504 -3.46898
2.08638 -3.45188
2.08772 -3.43469
2.08906 -3.41741
2.0904 -3.40003
2.09174 -3.38257
2.09308 -3.36501
2.09442 -3.34737
2.09576 -3.32964
2.0971 -3.31183
2.09844 -3.29393
2.09978 -3.27594
2.10112 -3.25787
2.10246 -3.23972
2.1038 -3.22149
2.10514 -3.20317
2.10648 -3.18477
2.10782 -3.1663
2.10916 -3.14774
2.1105 -3.12911
2.11184 -3.1104
2.11318 -3.09161
2.11452 -3.07274
2.11586 -3.0538
2.1172 -3.03479
2.11854 -3.0157
2.11988 -2.99654
2.12122 -2.97731
2.12256 -2.95801
2.1239 -2.93863
2.12524 -2.91919
2.12658 -2.89968
2.12792 -2.88009
2.12926 -2.86045
2.1306 -2.84073
2.13194 -2.82095
2.13328 -2.8011
2.13462 -2.78119
2.13596 -2.76121
2.1373 -2.74118
2.13864 -2.72108
2.13998 -2.70091
2.14132 -2.68069
2.14266 -2.66041
2.144 -2.64006
2.14534 -2.61966
2.14668 -2.5992
2.14802 -2.57869
2.14936 -2.55811
2.1507 -2.53748
2.15204 -2.5168
2.15338 -2.49606
2.15472 -2.47526
2.15606 -2.45442
2.1574 -2.43352
2.15874 -2.41257
2.16008 -2.39156
2.16142 -2.37051
2.16276 -2.34941
2.1641 -2.32825
2.16544 -2.30705
2.16678 -2.2858
2.16812 -2.26451
2.16946 -2.24316
2.1708 -2.22177
2.17214 -2.20034
2.17348 -2.17886
2.17482 -2.15734
2.17616 -2.13577
2.1775 -2.11416
2.17884 -2.09251
2.18018 -2.07081
2.18152 -2.04908
2.18286 -2.0273
2.1842 -2.00548
2.18554 -1.98363
2.18688 -1.96173
2.18822 -1.9398
2.18956 -1.91783
2.1909 -1.89582
2.19224 -1.87378
2.19358 -1.8517
2.19492 -1.82958
2.19626 -1.80743
2.1976 -1.78525
2.19894 -1.76303
2.20028 -1.74078
2.20162 -1.71849
2.20296 -1.69617
2.2043 -1.67383
2.20564 -1.65145
2.20698 -1.62904
2.20832 -1.6066
2.20966 -1.58413
2.211 -1.56163
2.21234 -1.5391
2.21368 -1.51655
2.21502 -1.49396
2.21636 -1.47135
2.2177 -1.44872
2.21904 -1.42606
2.22038 -1.40337
2.22172 -1.38066
2.22306 -1.35792
2.2244 -1.33516
2.22574 -1.31237
2.22708 -1.28956
2.22842 -1.26673
2.22976 -1.24388
2.2311 -1.22101
2.23244 -1.19811
2.23378 -1.17519
2.23512 -1.15226
2.23646 -1.1293
2.2378 -1.10632
2.23914 -1.08333
2.24048 -1.06031
2.24182 -1.03728
2.24316 -1.01423
2.2445 -0.991164
2.24584 -0.96808
2.24718 -0.94498
2.24852 -0.921863
2.24986 -0.898731
2.2512 -0.875584
2.25254 -0.852423
2.25388 -0.829247
2.25522 -0.806057
2.25656 -0.782854
2.2579 -0.759637
2.25924 -0.736408
2.26058 -0.713167
2.26192 -0.689914
2.26326 -0.66665
2.2646 -0.643375
2.26594 -0.620089
2.26728 -0.596792
2.26862 -0.573486
2.26996 -0.550171
2.2713 -0.526847
2.27264 -0.503514
2.27398 -0.480172
2.27532 -0.456823
2.27666 -0.433467
2.278 -0.410103
2.27934 -0.386733
2.28068 -0.363356
2.28202 -0.339974
2.28336 -0.316586
2.2847 -0.293193
2.28604 -0.269795
2.28738 -0.246393
2.28872 -0.222987
2.29006 -0.199577
2.2914 -0.176164
2.29274 -0.152748
2.29408 -0.12933
2.29542 -0.105909
2.29676 -0.0824874
2.2981 -0.059064
2.29944 -0.0356396
2.30078 -0.0122146
2.30212 0.0112105
2.30346 0.0346355
2.3048 0.0580599
2.30614 0.0814834
2.30748 0.104906
2.30882 0.128326
2.31016 0.151744
2.3115 0.17516
2.31284 0.198573
2.31418 0.221983
2.31552 0.24539
2.31686 0.268792
2.3182 0.29219
2.31954 0.315583
2.32088 0.338972
2.32222 0.362354
2.32356 0.385731
2.3249 0.409102
2.32624 0.432465
2.32758 0.455822
2.32892 0.479172
2.33026 0.502513
2.3316 0.525847
2.33294 0.549171
2.33428 0.572487
2.33562 0.595794
2.33696 0.61909
2.3383 0.642377
2.33964 0.665652
2.34098 0.688917
2.34232 0.712171
2.34366 0.735412
2.345 0.758642
2.34634 0.781859
2.34768 0.805063
2.34902 0.828253
2.35036 0.85143
2.3517 0.874592
2.35304 0.89774
2.35438 0.920872
2.35572 0.943989
2.35706 0.96709
2.3584 0.990175
2.35974 1.01324
2.36108 1.03629
2.36242 1.05933
2.36376 1.08234
2.3651 1.10534
2.36644 1.12831
2.36778 1.15127
2.36912 1.17421
2.37046 1.19713
2.3718 1.22002
2.37314 1.2429
2.37448 1.26575
2.37582 1.28859
2.37716 1.31139
2.3785 1.33418
2.37984 1.35694
2.38118 1.37968
2.38252 1.4024
2.38386 1.42508
2.3852 1.44775
2.38654 1.47038
2.38788 1.493
2.38922 1.51558
2.39056 1.53813
2.3919 1.56066
2.39324 1.58316
2.39458 1.60563
2.39592 1.62808
2.39726 1.65049
2.3986 1.67287
2.39994 1.69522
2.40128 1.71753
2.40262 1.73982
2.40396 1.76207
2.4053 1.78429
2.40664 1.80648
2.40798 1.82863
2.40932 1.85075
2.41066 1.87283
2.412 1.89488
2.41334 1.91689
2.41468 1.93886
2.41602 1.96079
2.41736 1.98269
2.4187 2.00455
2.42004 2.02636
2.42138 2.04814
2.42272 2.06988
2.42406 2.09158
2.4254 2.11323
2.42674 2.13484
2.42808 2.15641
2.42942 2.17794
2.43076 2.19942
2.4321 2.22086
2.43344 2.24225
2.43478 2.26359
2.43612 2.28489
2.43746 2.30614
2.4388 2.32735
2.44014 2.3485
2.44148 2.36961
2.44282 2.39066
2.44416 2.41167
2.4455 2.43262
2.44684 2.45352
2.44818 2.47437
2.44952 2.49517
2.45086 2.51591
2.4522 2.5366
2.45354 2.55723
2.45488 2.5778
2.45622 2.59832
2.45756 2.61879
2.4589 2.63919
2.46024 2.65954
2.46158 2.67982
2.46292 2.70005
2.46426 2.72021
2.4656 2.74032
2.46694 2.76036
2.46828 2.78034
2.46962 2.80025
2.47096 2.8201
2.4723 2.83988
2.47364 2.8596
2.47498 2.87925
2.47632 2.89884
2.47766 2.91835
2.479 2.9378
2.48034 2.95718
2.48168 2.97648
2.48302 2.99572
2.48436 3.01488
2.4857 3.03397
2.48704 3.05299
2.48838 3.07193
2.48972 3.0908
2.49106 3.10959
2.4924 3.12831
2.49374 3.14694
2.49508 3.1655
2.49642 3.18398
2.49776 3.20238
2.4991 3.2207
2.50044 3.23894
2.50178 3.2571
2.50312 3.27517
2.50446 3.29316
2.5058 3.31106
2.50714 3.32888
2.50848 3.34661
2.50982 3.36426
2.51116 3.38182
2.5125 3.39928
2.51384 3.41666
2.51518 3.43395
2.51652 3.45115
2.51786 3.46825
2.5192 3.48527
2.52054 3.50218
2.52188 3.51901
2.52322 3.53574
2.52456 3.55237
2.5259 3.56891
2.52724 3.58534
2.52858 3.60168
2.52992 3.61792
2.53126 3.63406
2.5326 3.6501
2.53394 3.66604
2.53528 3.68187
2.53662 3.6976
2.53796 3.71323
2.5393 3.72875
2.54064 3.74416
2.54198 3.75947
2.54332 3.77467
2.54466 3.78976
2.546 3.80474
2.54734 3.81962
2.54868 3.83438
2.55002 3.84903
2.55136 3.86356
2.5527 3.87798
2.55404 3.89229
2.55538 3.90649
2.55672 3.92056
2.55806 3.93452
2.5594 3.94837
2.56074 3.96209
2.56208 3.9757
2.56342 3.98918
2.56476 4.00255
2.5661 4.01579
2.56744 4.02892
2.56878 4.04191
2.57012 4.05479
2.57146 4.06754
2.5728 4.08017
2.57414 4.09266
2.57548 4.10504
2.57682 4.11728
2.57816 4.1294
2.5795 4.14138
2.58084 4.15324
2.58218 4.16497
2.58352 4.17656
2.58486 4.18803
2.5862 4.19936
2.58754 4.21055
2.58888 4.22161
2.59022 4.23254
2.59156 4.24333
2.5929 4.25399
2.59424 4.26451
2.59558 4.27489
2.59692 4.28513
2.59826 4.29524
2.5996 4.3052
2.60094 4.31502
2.60228 4.32471
2.60362 4.33425
2.60496 4.34365
2.6063 4.3529
2.60764 4.36201
2.60898 4.37098
2.61032 4.3798
2.61166 4.38848
2.613 4.39702
2.61434 4.4054
2.61568 4.41364
2.61702 4.42173
2.61836 4.42967
2.6197 4.43747
2.62104 4.44511
2.62238 4.45261
2.62372 4.45995
2.62506 4.46714
2.6264 4.47419
2.62774 4.48108
2.62908 4.48782
2.63042 4.4944
2.63176 4.50083
2.6331 4.50711
2.63444 4.51324
2.63578 4.51921
2.63712 4.52502
2.63846 4.53068
2.6398 4.53619
2.64114 4.54153
2.64248 4.54672
2.64382 4.55176
2.64516 4.55663
2.6465 4.56135
2.64784 4.56591
2.64918 4.57032
2.65052 4.57456
2.65186 4.57865
2.6532 4.58257
2.65454 4.58634
2.65588 4.58995
2.65722 4.59339
2.65856 4.59668
2.6599 4.5998
2.66124 4.60277
2.66258 4.60557
2.66392 4.60821
2.66526 4.6107
2.6666 4.61301
2.66794 4.61517
2.66928 4.61717
2.67062 4.619
2.67196 4.62067
2.6733 4.62218
2.67464 4.62353
2.67598 4.62471
2.67732 4.62574
2.67866 4.62659
2.68 4.62729
2.68134 4.62782
2.68268 4.62819
2.68402 4.6284
2.68536 4.62845
2.6867 4.62833
2.68804 4.62805
2.68938 4.6276
2.69072 4.627
2.69206 4.62623
2.6934 4.6253
2.69474 4.6242
2.69608 4.62294
2.69742 4.62152
2.69876 4.61994
2.7001 4.6182
2.70144 4.61629
2.70278 4.61422
2.70412 4.61199
2.70546 4.6096
2.7068 4.60704
2.70814 4.60433
2.70948 4.60145
2.71082 4.59842
2.71216 4.59522
2.7135 4.59186
2.71484 4.58834
2.71618 4.58466
2.71752 4.58083
2.71886 4.57683
2.7202 4.57267
2.72154 4.56836
2.72288 4.56388
2.72422 4.55925
2.72556 4.55446
2.7269 4.54951
2.72824 4.54441
2.72958 4.53915
2.73092 4.53373
2.73226 4.52815
2.7336 4.52242
2.73494 4.51654
2.73628 4.5105
2.73762 4.50431
2.73896 4.49796
2.7403 4.49146
2.74164 4.4848
2.74298 4.478
2.74432 4.47104
2.74566 4.46393
2.747 4.45666
2.74834 4.44925
2.74968 4.44169
2.75102 4.43398
2.75236 4.42612
2.7537 4.41811
2.75504 4.40995
2.75638 4.40165
2.75772 4.39319
2.75906 4.3846
2.7604 4.37585
2.76174 4.36696
2.76308 4.35793
2.76442 4.34875
2.76576 4.33943
2.7671 4.32997
2.76844 4.32037
2.76978 4.31062
2.77112 4.30073
2.77246 4.29071
2.7738 4.28054
2.77514 4.27024
2.77648 4.25979
2.77782 4.24921
2.77916 4.2385
2.7805 4.22764
2.78184 4.21665
2.78318 4.20553
2.78452 4.19427
2.78586 4.18288
2.7872 4.17136
2.78854 4.15971
2.78988 4.14792
2.79122 4.13601
2.79256 4.12396
2.7939 4.11179
2.79524 4.09948
2.79658 4.08706
2.79792 4.0745
2.79926 4.06182
2.8006 4.04901
2.80194 4.03608
2.80328 4.02303
2.80462 4.00985
2.80596 3.99655
2.8073 3.98313
2.80864 3.96959
2.80998 3.95593
2.81132 3.94215
2.81266 3.92826
2.814 3.91424
2.81534 3.90011
2.81668 3.88587
2.81802 3.87151
2.81936 3.85703
2.8207 3.84245
2.82204 3.82775
2.82338 3.81294
2.82472 3.79802
2.82606 3.78298
2.8274 3.76784
2.82874 3.7526
2.83008 3.73724
2.83142 3.72178
2.83276 3.70621
2.8341 3.69054
2.83544 3.67476
2.83678 3.65888
2.83812 3.6429
2.83946 3.62681
2.8408 3.61063
2.84214 3.59434
2.84348 3.57796
2.84482 3.56148
2.84616 3.5449
2.8475 3.52822
2.84884 3.51145
2.85018 3.49458
2.85152 3.47762
2.85286 3.46057
2.8542 3.44342
2.85554 3.42618
2.85688 3.40885
2.85822 3.39143
2.85956 3.37393
2.8609 3.35633
2.86224 3.33864
2.86358 3.32087
2.86492 3.30302
2.86626 3.28507
2.8676 3.26705
2.86894 3.24894
2.87028 3.23074
2.87162 3.21247
2.87296 3.19411
2.8743 3.17568
2.87564 3.15716
2.87698 3.13857
2.87832 3.1199
2.87966 3.10115
2.881 3.08232
2.88234 3.06342
2.88368 3.04444
2.88502 3.02539
2.88636 3.00627
2.8877 2.98707
2.88904 2.96781
2.89038 2.94847
2.89172 2.92906
2.89306 2.90958
2.8944 2.89003
2.89574 2.87042
2.89708 2.85074
2.89842 2.83099
2.89976 2.81118
2.9011 2.7913
2.90244 2.77135
2.90378 2.75135
2.90512 2.73128
2.90646 2.71115
2.9078 2.69095
2.90914 2.6707
2.91048 2.65039
2.91182 2.63002
2.91316 2.60959
2.9145 2.5891
2.91584 2.56855
2.91718 2.54795
2.91852 2.52729
2.91986 2.50658
2.9212 2.48582
2.92254 2.465
2.92388 2.44412
2.92522 2.4232
2.92656 2.40222
2.9279 2.38119
2.92924 2.36012
2.93058 2.33899
2.93192 2.31781
2.93326 2.29659
2.9346 2.27531
2.93594 2.25399
2.93728 2.23263
2.93862 2.21122
2.93996 2.18976
2.9413 2.16826
2.94264 2.14671
2.94398 2.12512
2.94532 2.10349
2.94666 2.08182
2.948 2.0601
2.94934 2.03835
2.95068 2.01655
2.95202 1.99472
2.95336 1.97284
2.9547 1.95093
2.95604 1.92898
2.95738 1.90699
2.95872 1.88496
2.96006 1.8629
2.9614 1.8408
2.96274 1.81867
2.96408 1.7965
2.96542 1.7743
2.96676 1.75206
2.9681 1.7298
2.96944 1.7075
2.97078 1.68516
2.97212 1.6628
2.97346 1.64041
2.9748 1.61798
2.97614 1.59553
2.97748 1.57304
2.97882 1.55053
2.98016 1.52799
2.9815 1.50542
2.98284 1.48282
2.98418 1.4602
2.98552 1.43755
2.98686 1.41488
2.9882 1.39218
2.98954 1.36945
2.99088 1.3467
2.99222 1.32393
2.99356 1.30113
2.9949 1.27831
2.99624 1.25547
2.99758 1.23261
2.99892 1.20972
3.00026 1.18682
3.0016 1.16389
3.00294 1.14094
3.00428 1.11798
3.00562 1.09499
3.00696 1.07199
3.0083 1.04896
3.00964 1.02592
3.01098 1.00286
3.01232 0.979789
3.01366 0.956697
3.015 0.933589
3.01634 0.910465
3.01768 0.887325
3.01902 0.864171
3.02036 0.841002
3.0217 0.81782
3.02304 0.794623
3.02438 0.771413
3.02572 0.748191
3.02706 0.724956
3.0284 0.701709
3.02974 0.67845
3.03108 0.65518
3.03242 0.6319
3.03376 0.608608
3.0351 0.585307
3.03644 0.561997
3.03778 0.538677
3.03912 0.515348
3.04046 0.492011
3.0418 0.468666
3.04314 0.445313
3.04448 0.421953
3.04582 0.398586
3.04716 0.375213
3.0485 0.351833
3.04984 0.328448
3.05118 0.305058
3.05252 0.281662
3.05386 0.258262
3.0552 0.234858
3.05654 0.21145
3.05788 0.188038
3.05922 0.164624
3.06056 0.141207
3.0619 0.117788
3.06324 0.0943663
3.06458 0.0709435
3.06592 0.0475195
3.06726 0.0240948
3.0686 0.00066973
3.06994 -0.0227554
3.07128 -0.0461801
3.07262 -0.0696041
3.07396 -0.093027
3.0753 -0.116448
3.07664 -0.139868
3.07798 -0.163285
3.07932 -0.1867
3.08066 -0.210111
3.082 -0.233519
3.08334 -0.256924
3.08468 -0.280324
3.08602 -0.30372
3.08736 -0.327111
3.0887 -0.350496
3.09004 -0.373876
3.09138 -0.39725
3.09272 -0.420617
3.09406 -0.443978
3.0954 -0.467331
3.09674 -0.490676
3.09808 -0.514014
3.09942 -0.537343
3.10076 -0.560664
3.1021 -0.583975
3.10344 -0.607276
3.10478 -0.630568
3.10612 -0.653849
3.10746 -0.67712
3.1088 -0.700379
3.11014 -0.723627
3.11148 -0.746862
3.11282 -0.770086
3.11416 -0.793296
3.1155 -0.816494
3.11684 -0.839677
3.11818 -0.862847
3.11952 -0.886002
3.12086 -0.909142
3.1222 -0.932267
3.12354 -0.955376
3.12488 -0.978469
3.12622 -1.00155
3.12756 -1.02461
3.1289 -1.04765
3.13024 -1.07067
3.13158 -1.09368
3.13292 -1.11666
3.13426 -1.13963
3.1356 -1.16258
3.13694 -1.18551
3.13828 -1.20842
3.13962 -1.2313
3.14096 -1.25417
3.1423 -1.27701
3.14364 -1.29983
3.14498 -1.32263
3.14632 -1.3454
3.14766 -1.36815
3.149 -1.39088
3.15034 -1.41358
3.15168 -1.43626
3.15302 -1.45891
3.15436 -1.48153
3.1557 -1.50413
3.15704 -1.5267
3.15838 -1.54924
3.15972 -1.57176
3.16106 -1.59424
3.1624 -1.6167
3.16374 -1.63912
3.16508 -1.66152
3.16642 -1.68389
3.16776 -1.70622
3.1691 -1.72852
3.17044 -1.75079
3.17178 -1.77303
3.17312 -1.79523
3.17446 -1.8174
3.1758 -1.83954
3.17714 -1.86164
3.17848 -1.8837
3.17982 -1.90573
3.18116 -1.92772
3.1825 -1.94967
3.18384 -1.97159
3.18518 -1.99347
3.18652 -2.0153
3.18786 -2.0371
3.1892 -2.05886
3.19054 -2.08058
3.19188 -2.10225
3.19322 -2.12389
3.19456 -2.14548
3.1959 -2.16703
3.19724 -2.18853
3.19858 -2.20999
3.19992 -2.23141
3.20126 -2.25277
3.2026 -2.2741
3.20394 -2.29537
3.20528 -2.3166
3.20662 -2.33778
3.20796 -2.35891
3.2093 -2.37999
3.21064 -2.40102
3.21198 -2.422
3.21332 -2.44293
3.21466 -2.4638
3.216 -2.48463
3.21734 -2.5054
3.21868 -2.52611
3.22002 -2.54677
3.22136 -2.56738
3.2227 -2.58793
3.22404 -2.60842
3.22538 -2.62885
3.22672 -2.64923
3.22806 -2.66954
3.2294 -2.6898
3.23074 -2.70999
3.23208 -2.73013
3.23342 -2.7502
3.23476 -2.77021
3.2361 -2.79016
3.23744 -2.81004
3.23878 -2.82986
3.24012 -2.84961
3.24146 -2.8693
3.2428 -2.88891
3.24414 -2.90846
3.24548 -2.92795
3.24682 -2.94736
3.24816 -2.9667
3.2495 -2.98597
3.25084 -3.00517
3.25218 -3.0243
3.25352 -3.04336
3.25486 -3.06234
3.2562 -3.08124
3.25754 -3.10007
3.25888 -3.11883
3.26022 -3.1375
3.26156 -3.1561
3.2629 -3.17462
3.26424 -3.19306
3.26558 -3.21142
3.26692 -3.2297
3.26826 -3.2479
3.2696 -3.26601
3.27094 -3.28405
3.27228 -3.30199
3.27362 -3.31985
3.27496 -3.33763
3.2763 -3.35532
3.27764 -3.37292
3.27898 -3.39044
3.28032 -3.40786
3.28166 -3.42519
3.283 -3.44244
3.28434 -3.45959
3.28568 -3.47665
3.28702 -3.49362
3.28836 -3.51049
3.2897 -3.52727
3.29104 -3.54395
3.29238 -3.56053
3.29372 -3.57702
3.29506 -3.59341
3.2964 -3.6097
3.29774 -3.62589
3.29908 -3.64198
3.30042 -3.65797
3.30176 -3.67386
3.3031 -3.68964
3.30444 -3.70532
3.30578 -3.72089
3.30712 -3.73636
3.30846 -3.75172
3.3098 -3.76698
3.31114 -3.78212
3.31248 -3.79716
3.31382 -3.81209
3.31516 -3.8269
3.3165 -3.84161
3.31784 -3.8562
3.31918 -3.87068
3.32052 -3.88505
3.32186 -3.8993
3.3232 -3.91344
3.32454 -3.92746
3.32588 -3.94136
3.32722 -3.95515
3.32856 -3.96881
3.3299 -3.98236
3.33124 -3.99579
3.33258 -4.00909
3.33392 -4.02228
3.33526 -4.03534
3.3366 -4.04828
3.33794 -4.06109
3.33928 -4.07378
3.34062 -4.08634
3.34196 -4.09878
3.3433 -4.11109
3.34464 -4.12327
3.34598 -4.13532
3.34732 -4.14724
3.34866 -4.15904
3.35 -4.1707
3.35134 -4.18223
3.35268 -4.19363
3.35402 -4.20489
3.35536 -4.21602
3.3567 -4.22702
3.35804 -4.23788
3.35938 -4.2486
3.36072 -4.25919
3.36206 -4.26964
3.3634 -4.27996
3.36474 -4.29013
3.36608 -4.30016
3.36742 -4.31006
3.36876 -4.31981
3.3701 -4.32943
3.37144 -4.3389
3.37278 -4.34823
3.37412 -4.35741
3.37546 -4.36645
3.3768 -4.37535
3.37814 -4.3841
3.37948 -4.39271
3.38082 -4.40117
3.38216 -4.40948
3.3835 -4.41765
3.38484 -4.42566
3.38618 -4.43353
3.38752 -4.44125
3.38886 -4.44882
3.3902 -4.45625
3.39154 -4.46352
3.39288 -4.47063
3.39422 -4.4776
3.39556 -4.48442
3.3969 -4.49108
3.39824 -4.49759
3.39958 -4.50395
3.40092 -4.51015
3.40226 -4.5162
3.4036 -4.52209
3.40494 -4.52783
3.40628 -4.53341
3.40762 -4.53884
3.40896 -4.54411
3.4103 -4.54922
3.41164 -4.55418
3.41298 -4.55898
3.41432 -4.56362
3.41566 -4.5681
3.417 -4.57243
3.41834 -4.57659
3.41968 -4.5806
3.42102 -4.58445
3.42236 -4.58814
3.4237 -4.59166
3.42504 -4.59503
3.42638 -4.59824
3.42772 -4.60128
3.42906 -4.60417
3.4304 -4.60689
3.43174 -4.60946
3.43308 -4.61186
3.43442 -4.6141
3.43576 -4.61618
3.4371 -4.61809
3.43844 -4.61985
3.43978 -4.62144
3.44112 -4.62287
3.44246 -4.62413
3.4438 -4.62524
3.44514 -4.62618
3.44648 -4.62696
3.44782 -4.62757
3.44916 -4.62803
3.4505 -4.62832
3.45184 -4.62845
3.45318 -4.62841
3.45452 -4.62821
3.45586 -4.62785
3.4572 -4.62733
3.45854 -4.62664
3.45988 -4.62579
3.46122 -4.62478
3.46256 -4.6236
3.4639 -4.62226
3.46524 -4.62076
3.46658 -4.6191
3.46792 -4.61728
3.46926 -4.61529
3.4706 -4.61314
3.47194 -4.61083
3.47328 -4.60836
3.47462 -4.60573
3.47596 -4.60293
3.4773 -4.59998
3.47864 -4.59686
3.47998 -4.59358
3.48132 -4.59015
3.48266 -4.58655
3.484 -4.58279
3.48534 -4.57888
3.48668 -4.5748
3.48802 -4.57056
3.48936 -4.56617
3.4907 -4.56162
3.49204 -4.55691
3.49338 -4.55204
3.49472 -4.54702
3.49606 -4.54183
3.4974 -4.5365
3.49874 -4.531
3.50008 -4.52535
3.50142 -4.51954
3.50276 -4.51358
3.5041 -4.50747
3.50544 -4.5012
3.50678 -4.49477
3.50812 -4.4882
3.50946 -4.48147
3.5108 -4.47459
3.51214 -4.46755
3.51348 -4.46037
3.51482 -4.45303
3.51616 -4.44554
3.5175 -4.43791
3.51884 -4.43012
3.52018 -4.42219
3.52152 -4.41411
3.52286 -4.40588
3.5242 -4.3975
3.52554 -4.38898
3.52688 -4.38031
3.52822 -4.37149
3.52956 -4.36253
3.5309 -4.35343
3.53224 -4.34418
3.53358 -4.33479
3.53492 -4.32526
3.53626 -4.31558
3.5376 -4.30577
3.53894 -4.29581
3.54028 -4.28571
3.54162 -4.27548
3.54296 -4.26511
3.5443 -4.2546
3.54564 -4.24395
3.54698 -4.23316
3.54832 -4.22224
3.54966 -4.21119
3.551 -4.2
3.55234 -4.18868
3.55368 -4.17722
3.55502 -4.16563
3.55636 -4.15392
3.5577 -4.14207
3.55904 -4.13009
3.56038 -4.11798
3.56172 -4.10574
3.56306 -4.09338
3.5644 -4.08088
3.56574 -4.06827
3.56708 -4.05552
3.56842 -4.04265
3.56976 -4.02966
3.5711 -4.01655
3.57244 -4.00331
3.57378 -3.98995
3.57512 -3.97647
3.57646 -3.96287
3.5778 -3.94916
3.57914 -3.93532
3.58048 -3.92137
3.58182 -3.90729
3.58316 -3.89311
3.5845 -3.87881
3.58584 -3.86439
3.58718 -3.84986
3.58852 -3.83522
3.58986 -3.82046
3.5912 -3.8056
3.59254 -3.79062
3.59388 -3.77554
3.59522 -3.76034
3.59656 -3.74504
3.5979 -3.72963
3.59924 -3.71412
3.60058 -3.6985
3.60192 -3.68278
3.60326 -3.66695
3.6046 -3.65102
3.60594 -3.63498
3.60728 -3.61885
3.60862 -3.60262
3.60996 -3.58628
3.6113 -3.56985
3.61264 -3.55332
3.61398 -3.53669
3.61532 -3.51997
3.61666 -3.50315
3.618 -3.48624
3.61934 -3.46923
3.62068 -3.45213
3.62202 -3.43494
3.62336 -3.41765
3.6247 -3.40028
3.62604 -3.38282
3.62738 -3.36526
3.62872 -3.34762
3.63006 -3.3299
3.6314 -3.31208
3.63274 -3.29418
3.63408 -3.2762
3.63542 -3.25813
3.63676 -3.23998
3.6381 -3.22175
3.63944 -3.20343
3.64078 -3.18504
3.64212 -3.16656
3.64346 -3.14801
3.6448 -3.12937
3.64614 -3.11066
3.64748 -3.09188
3.64882 -3.07301
3.65016 -3.05408
3.6515 -3.03506
3.65284 -3.01598
3.65418 -2.99682
3.65552 -2.97759
3.65686 -2.95828
3.6582 -2.93891
3.65954 -2.91947
3.66088 -2.89996
3.66222 -2.88038
3.66356 -2.86073
3.6649 -2.84101
3.66624 -2.82123
3.66758 -2.80139
3.66892 -2.78148
3.67026 -2.7615
3.6716 -2.74146
3.67294 -2.72136
3.67428 -2.7012
3.67562 -2.68098
3.67696 -2.6607
3.6783 -2.64036
3.67964 -2.61996
3.68098 -2.5995
3.68232 -2.57898
3.68366 -2.55841
3.685 -2.53778
3.68634 -2.51709
3.68768 -2.49635
3.68902 -2.47556
3.69036 -2.45472
3.6917 -2.43382
3.69304 -2.41287
3.69438 -2.39186
3.69572 -2.37081
3.69706 -2.34971
3.6984 -2.32856
3.69974 -2.30736
3.70108 -2.28611
3.70242 -2.26481
3.70376 -2.24347
3.7051 -2.22208
3.70644 -2.20065
3.70778 -2.17917
3.70912 -2.15765
3.71046 -2.13608
3.7118 -2.11447
3.71314 -2.09282
3.71448 -2.07112
3.71582 -2.04939
3.71716 -2.02761
3.7185 -2.0058
3.71984 -1.98394
3.72118 -1.96205
3.72252 -1.94011
3.72386 -1.91814
3.7252 -1.89614
3.72654 -1.87409
3.72788 -1.85201
3.72922 -1.8299
3.73056 -1.80775
3.7319 -1.78556
3.73324 -1.76335
3.73458 -1.74109
3.73592 -1.71881
3.73726 -1.69649
3.7386 -1.67415
3.73994 -1.65177
3.74128 -1.62936
3.74262 -1.60692
3.74396 -1.58445
3.7453 -1.56195
3.74664 -1.53942
3.74798 -1.51687
3.74932 -1.49429
3.75066 -1.47168
3.752 -1.44904
3.75334 -1.42638
3.75468 -1.40369
3.75602 -1.38098
3.75736 -1.35824
3.7587 -1.33548
3.76004 -1.3127
3.76138 -1.28989
3.76272 -1.26706
3.76406 -1.24421
3.7654 -1.22133
3.76674 -1.19844
3.76808 -1.17552
3.76942 -1.15258
3.77076 -1.12963
3.7721 -1.10665
3.77344 -1.08366
3.77478 -1.06064
3.77612 -1.03761
3.77746 -1.01456
3.7788 -0.991494
3.78014 -0.968411
3.78148 -0.945311
3.78282 -0.922195
3.78416 -0.899063
3.7855 -0.875916
3.78684 -0.852755
3.78818 -0.829579
3.78952 -0.806389
3.79086 -0.783186
3.7922 -0.75997
3.79354 -0.736741
3.79488 -0.7135
3.79622 -0.690247
3.79756 -0.666983
3.7989 -0.643708
3.80024 -0.620422
3.80158 -0.597126
3.80292 -0.57382
3.80426 -0.550505
3.8056 -0.527181
3.80694 -0.503848
3.80828 -0.480507
3.80962 -0.457158
3.81096 -0.433801
3.8123 -0.410438
3.81364 -0.387068
3.81498 -0.363691
3.81632 -0.340309
3.81766 -0.316921
3.819 -0.293528
3.82034 -0.27013
3.82168 -0.246728
3.82302 -0.223322
3.82436 -0.199912
3.8257 -0.176499
3.82704 -0.153084
3.82838 -0.129665
3.82972 -0.106245
3.83106 -0.0828228
3.8324 -0.0593994
3.83374 -0.0359751
3.83508 -0.0125501
3.83642 0.010875
3.83776 0.0343
3.8391 0.0577244
3.84044 0.0811479
3.84178 0.10457
3.84312 0.127991
3.84446 0.151409
3.8458 0.174825
3.84714 0.198238
3.84848 0.221648
3.84982 0.245055
3.85116 0.268457
3.8525 0.291855
3.85384 0.315248
3.85518 0.338637
3.85652 0.362019
3.85786 0.385396
3.8592 0.408767
3.86054 0.432131
3.86188 0.455488
3.86322 0.478837
3.86456 0.502179
3.8659 0.525513
3.86724 0.548837
3.86858 0.572153
3.86992 0.59546
3.87126 0.618757
3.8726 0.642043
3.87394 0.665319
3.87528 0.688584
3.87662 0.711838
3.87796 0.73508
3.8793 0.758309
3.88064 0.781526
3.88198 0.80473
3.88332 0.827921
3.88466 0.851098
3.886 0.87426
3.88734 0.897408
3.88868 0.920541
3.89002 0.943658
3.89136 0.966759
3.8927 0.989844
3.89404 1.01291
3.89538 1.03596
3.89672 1.059
3.89806 1.08201
3.8994 1.10501
3.90074 1.12799
3.90208 1.15094
3.90342 1.17388
3.90476 1.1968
3.9061 1.2197
3.90744 1.24257
3.90878 1.26543
3.91012 1.28826
3.91146 1.31107
3.9128 1.33385
3.91414 1.35662
3.91548 1.37936
3.91682 1.40207
3.91816 1.42476
3.9195 1.44742
3.92084 1.47006
3.92218 1.49267
3.92352 1.51526
3.92486 1.53781
3.9262 1.56034
3.92754 1.58284
3.92888 1.60531
3.93022 1.62775
3.93156 1.65017
3.9329 1.67255
3.93424 1.6949
3.93558 1.71722
3.93692 1.7395
3.93826 1.76176
3.9396 1.78398
3.94094 1.80616
3.94228 1.82832
3.94362 1.85043
3.94496 1.87252
3.9463 1.89456
3.94764 1.91657
3.94898 1.93854
3.95032 1.96048
3.95166 1.98238
3.953 2.00423
3.95434 2.02605
3.95568 2.04783
3.95702 2.06957
3.95836 2.09127
3.9597 2.11292
3.96104 2.13453
3.96238 2.1561
3.96372 2.17763
3.96506 2.19911
3.9664 2.22055
3.96774 2.24194
3.96908 2.26329
3.97042 2.28459
3.97176 2.30584
3.9731 2.32704
3.97444 2.3482
3.97578 2.3693
3.97712 2.39036
3.97846 2.41137
3.9798 2.43232
3.98114 2.45322
3.98248 2.47407
3.98382 2.49487
3.98516 2.51561
3.9865 2.5363
3.98784 2.55693
3.98918 2.57751
3.99052 2.59803
3.99186 2.61849
3.9932 2.6389
3.99454 2.65925
3.99588 2.67953
3.99722 2.69976
3.99856 2.71992
3.9999 2.74003
4.00124 2.76007
4.00258 2.78005
4.00392 2.79996
4.00526 2.81982
4.0066 2.8396
4.00794 2.85932
4.00928 2.87897
4.01062 2.89856
4.01196 2.91807
4.0133 2.93752
4.01464 2.9569
4.01598 2.97621
4.01732 2.99544
4.01866 3.01461
4.02 3.0337
4.02134 3.05272
4.02268 3.07166
4.02402 3.09053
4.02536 3.10932
4.0267 3.12804
4.02804 3.14668
4.02938 3.16524
4.03072 3.18372
4.03206 3.20212
4.0334 3.22044
4.03474 3.23868
4.03608 3.25684
4.03742 3.27491
4.03876 3.2929
4.0401 3.31081
4.04144 3.32863
4.04278 3.34636
4.04412 3.36401
4.04546 3.38156
4.0468 3.39903
4.04814 3.41641
4.04948 3.4337
4.05082 3.4509
4.05216 3.46801
4.0535 3.48502
4.05484 3.50194
4.05618 3.51877
4.05752 3.5355
4.05886 3.55213
4.0602 3.56867
4.06154 3.58511
4.06288 3.60145
4.06422 3.61769
4.06556 3.63383
4.0669 3.64987
4.06824 3.66581
4.06958 3.68165
4.07092 3.69738
4.07226 3.71301
4.0736 3.72853
4.07494 3.74394
4.07628 3.75925
4.07762 3.77445
4.07896 3.78955
4.0803 3.80453
4.08164 3.8194
4.08298 3.83417
4.08432 3.84882
4.08566 3.86335
4.087 3.87778
4.08834 3.89209
4.08968 3.90628
4.09102 3.92036
4.09236 3.93433
4.0937 3.94817
4.09504 3.9619
4.09638 3.97551
4.09772 3.98899
4.09906 4.00236
4.1004 4.01561
4.10174 4.02873
4.10308 4.04173
4.10442 4.05461
4.10576 4.06736
4.1071 4.07999
4.10844 4.09249
4.10978 4.10486
4.11112 4.11711
4.11246 4.12922
4.1138 4.14121
4.11514 4.15307
4.11648 4.1648
4.11782 4.1764
4.11916 4.18786
4.1205 4.19919
4.12184 4.21039
4.12318 4.22146
4.12452 4.23239
4.12586 4.24318
4.1272 4.25384
4.12854 4.26436
4.12988 4.27474
4.13122 4.28499
4.13256 4.29509
4.1339 4.30506
4.13524 4.31488
4.13658 4.32457
4.13792 4.33411
4.13926 4.34351
4.1406 4.35277
4.14194 4.36188
4.14328 4.37085
4.14462 4.37968
4.14596 4.38836
4.1473 4.39689
4.14864 4.40528
4.14998 4.41352
4.15132 4.42162
4.15266 4.42956
4.154 4.43736
4.15534 4.445
4.15668 4.4525
4.15802 4.45985
4.15936 4.46704
4.1607 4.47409
4.16204 4.48098
4.16338 4.48772
4.16472 4.49431
4.16606 4.50074
4.1674 4.50702
4.16874 4.51315
4.17008 4.51912
4.17142 4.52494
4.17276 4.5306
4.1741 4.53611
4.17544 4.54146
4.17678 4.54665
4.17812 4.55169
4.17946 4.55657
4.1808 4.56129
4.18214 4.56585
4.18348 4.57026
4.18482 4.5745
4.18616 4.57859
4.1875 4.58252
4.18884 4.58629
4.19018 4.5899
4.19152 4.59334
4.19286 4.59663
4.1942 4.59976
4.19554 4.60273
4.19688 4.60553
4.19822 4.60818
4.19956 4.61066
4.2009 4.61298
4.20224 4.61514
4.20358 4.61714
4.20492 4.61898
4.20626 4.62065
4.2076 4.62216
4.20894 4.62351
4.21028 4.6247
4.21162 4.62572
4.21296 4.62658
4.2143 4.62728
4.21564 4.62782
4.21698 4.62819
4.21832 4.6284
4.21966 4.62845
4.221 4.62833
4.22234 4.62805
4.22368 4.62761
4.22502 4.62701
4.22636 4.62624
4.2277 4.62531
4.22904 4.62422
4.23038 4.62296
4.23172 4.62155
4.23306 4.61997
4.2344 4.61822
4.23574 4.61632
4.23708 4.61425
4.23842 4.61202
4.23976 4.60963
4.2411 4.60708
4.24244 4.60437
4.24378 4.6015
4.24512 4.59846
4.24646 4.59527
4.2478 4.59191
4.24914 4.58839
4.25048 4.58472
4.25182 4.58088
4.25316 4.57689
4.2545 4.57273
4.25584 4.56842
4.25718 4.56395
4.25852 4.55932
4.25986 4.55453
4.2612 4.54958
4.26254 4.54448
4.26388 4.53922
4.26522 4.53381
4.26656 4.52824
4.2679 4.52251
4.26924 4.51663
4.27058 4.51059
4.27192 4.5044
4.27326 4.49805
4.2746 4.49155
4.27594 4.4849
4.27728 4.4781
4.27862 4.47114
4.27996 4.46403
4.2813 4.45677
4.28264 4.44936
4.28398 4.4418
4.28532 4.43409
4.28666 4.42623
4.288 4.41822
4.28934 4.41007
4.29068 4.40177
4.29202 4.39332
4.29336 4.38472
4.2947 4.37598
4.29604 4.36709
4.29738 4.35806
4.29872 4.34889
4.30006 4.33957
4.3014 4.33011
4.30274 4.32051
4.30408 4.31076
4.30542 4.30088
4.30676 4.29085
4.3081 4.28069
4.30944 4.27038
4.31078 4.25994
4.31212 4.24937
4.31346 4.23865
4.3148 4.2278
4.31614 4.21681
4.31748 4.20569
4.31882 4.19444
4.32016 4.18305
4.3215 4.17153
4.32284 4.15988
4.32418 4.14809
4.32552 4.13618
4.32686 4.12413
4.3282 4.11196
4.32954 4.09966
4.33088 4.08724
4.33222 4.07468
4.33356 4.062
4.3349 4.0492
4.33624 4.03627
4.33758 4.02322
4.33892 4.01004
4.34026 3.99674
4.3416 3.98333
4.34294 3.96979
4.34428 3.95613
4.34562 3.94235
4.34696 3.92846
4.3483 3.91445
4.34964 3.90032
4.35098 3.88607
4.35232 3.87172
4.35366 3.85724
4.355 3.84266
4.35634 3.82796
4.35768 3.81315
4.35902 3.79823
4.36036 3.7832
4.3617 3.76806
4.36304 3.75282
4.36438 3.73746
4.36572 3.722
4.36706 3.70643
4.3684 3.69076
4.36974 3.67499
4.37108 3.65911
4.37242 3.64313
4.37376 3.62705
4.3751 3.61086
4.37644 3.59458
4.37778 3.5782
4.37912 3.56172
4.38046 3.54514
4.3818 3.52846
4.38314 3.51169
4.38448 3.49483
4.38582 3.47787
4.38716 3.46081
4.3885 3.44367
4.38984 3.42643
4.39118 3.4091
4.39252 3.39169
4.39386 3.37418
4.3952 3.35658
4.39654 3.3389
4.39788 3.32113
4.39922 3.30327
4.40056 3.28533
4.4019 3.26731
4.40324 3.2492
4.40458 3.23101
4.40592 3.21273
4.40726 3.19438
4.4086 3.17594
4.40994 3.15743
4.41128 3.13883
4.41262 3.12016
4.41396 3.10142
4.4153 3.08259
4.41664 3.06369
4.41798 3.04472
4.41932 3.02567
4.42066 3.00654
4.422 2.98735
4.42334 2.96808
4.42468 2.94874
4.42602 2.92934
4.42736 2.90986
4.4287 2.89031
4.43004 2.8707
4.43138 2.85102
4.43272 2.83127
4.43406 2.81146
4.4354 2.79158
4.43674 2.77164
4.43808 2.75163
4.43942 2.73157
4.44076 2.71144
4.4421 2.69124
4.44344 2.67099
4.44478 2.65068
4.44612 2.63031
4.44746 2.60988
4.4488 2.58939
4.45014 2.56885
4.45148 2.54825
4.45282 2.52759
4.45416 2.50688
4.4555 2.48611
4.45684 2.46529
4.45818 2.44442
4.45952 2.4235
4.46086 2.40252
4.4622 2.3815
4.46354 2.36042
4.46488 2.33929
4.46622 2.31812
4.46756 2.29689
4.4689 2.27562
4.47024 2.2543
4.47158 2.23294
4.47292 2.21152
4.47426 2.19007
4.4756 2.16857
4.47694 2.14702
4.47828 2.12543
4.47962 2.1038
4.48096 2.08213
4.4823 2.06042
4.48364 2.03866
4.48498 2.01686
4.48632 1.99503
4.48766 1.97316
4.489 1.95124
4.49034 1.92929
4.49168 1.9073
4.49302 1.88528
4.49436 1.86322
4.4957 1.84112
4.49704 1.81899
4.49838 1.79682
4.49972 1.77462
4.50106 1.75238
4.5024 1.73012
4.50374 1.70782
4.50508 1.68548
4.50642 1.66312
4.50776 1.64073
4.5091 1.6183
4.51044 1.59585
4.51178 1.57336
4.51312 1.55085
4.51446 1.52831
4.5158 1.50574
4.51714 1.48315
4.51848 1.46053
4.51982 1.43788
4.52116 1.4152
4.5225 1.3925
4.52384 1.36978
4.52518 1.34703
4.52652 1.32426
4.52786 1.30146
4.5292 1.27864
4.53054 1.2558
4.53188 1.23294
4.53322 1.21005
4.53456 1.18715
4.5359 1.16422
4.53724 1.14127
4.53858 1.11831
4.53992 1.09532
4.54126 1.07232
4.5426 1.04929
4.54394 1.02625
4.54528 1.0032
4.54662 0.98012
4.54796 0.957028
4.5493 0.93392
4.55064 0.910797
4.55198 0.887657
4.55332 0.864503
4.55466 0.841335
4.556 0.818152
4.55734 0.794956
4.55868 0.771746
4.56002 0.748524
4.56136 0.725289
4.5627 0.702042
4.56404 0.678784
4.56538 0.655514
4.56672 0.632233
4.56806 0.608942
4.5694 0.585642
4.57074 0.562331
4.57208 0.539011
4.57342 0.515683
4.57476 0.492346
4.5761 0.469001
4.57744 0.445648
4.57878 0.422288
4.58012 0.398921
4.58146 0.375548
4.5828 0.352168
4.58414 0.328783
4.58548 0.305393
4.58682 0.281998
4.58816 0.258598
4.5895 0.235193
4.59084 0.211785
4.59218 0.188374
4.59352 0.16496
4.59486 0.141543
4.5962 0.118123
4.59754 0.094702
4.59888 0.0712792
4.60022 0.0478553
4.60156 0.0244306
4.6029 0.00100552
4.60424 -0.0224196
4.60558 -0.0458443
4.60692 -0.0692684
4.60826 -0.0926912
4.6096 -0.116113
4.61094 -0.139532
4.61228 -0.162949
4.61362 -0.186364
4.61496 -0.209776
4.6163 -0.233184
4.61764 -0.256588
4.61898 -0.279989
4.62032 -0.303385
4.62166 -0.326775
4.623 -0.350161
4.62434 -0.373541
4.62568 -0.396915
4.62702 -0.420282
4.62836 -0.443643
4.6297 -0.466996
4.63104 -0.490342
4.63238 -0.51368
4.63372 -0.537009
4.63506 -0.560329
4.6364 -0.583641
4.63774 -0.606942
4.63908 -0.630234
4.64042 -0.653516
4.64176 -0.676786
4.6431 -0.700046
4.64444 -0.723294
4.64578 -0.74653
4.64712 -0.769753
4.64846 -0.792964
4.6498 -0.816161
4.65114 -0.839345
4.65248 -0.862515
4.65382 -0.88567
4.65516 -0.908811
4.6565 -0.931936
4.65784 -0.955045
4.65918 -0.978138
4.66052 -1.00122
4.66186 -1.02427
4.6632 -1.04732
4.66454 -1.07034
4.66588 -1.09335
4.66722 -1.11633
4.66856 -1.1393
4.6699 -1.16225
4.67124 -1.18518
4.67258 -1.20809
4.67392 -1.23097
4.67526 -1.25384
4.6766 -1.27668
4.67794 -1.2995
4.67928 -1.3223
4.68062 -1.34508
4.68196 -1.36783
4.6833 -1.39055
4.68464 -1.41326
4.68598 -1.43593
4.68732 -1.45858
4.68866 -1.48121
4.69 -1.50381
4.69134 -1.52638
4.69268 -1.54892
4.69402 -1.57143
4.69536 -1.59392
4.6967 -1.61638
4.69804 -1.6388
4.69938 -1.6612
4.70072 -1.68357
4.70206 -1.7059
4.7034 -1.7282
4.70474 -1.75047
4.70608 -1.77271
4.70742 -1.79491
4.70876 -1.81708
4.7101 -1.83922
4.71144 -1.86132
4.71278 -1.88338
4.71412 -1.90541
4.71546 -1.9274
4.7168 -1.94936
4.71814 -1.97128
4.71948 -1.99315
4.72082 -2.01499
4.72216 -2.03679
4.7235 -2.05855
4.72484 -2.08027
4.72618 -2.10194
4.72752 -2.12358
4.72886 -2.14517
4.7302 -2.16672
4.73154 -2.18822
4.73288 -2.20968
4.73422 -2.2311
4.73556 -2.25247
4.7369 -2.27379
4.73824 -2.29507
4.73958 -2.3163
4.74092 -2.33748
4.74226 -2.35861
4.7436 -2.37969
4.74494 -2.40072
4.74628 -2.4217
4.74762 -2.44263
4.74896 -2.46351
4.7503 -2.48433
4.75164 -2.5051
4.75298 -2.52582
4.75432 -2.54648
4.75566 -2.56708
4.757 -2.58763
4.75834 -2.60812
4.75968 -2.62856
4.76102 -2.64893
4.76236 -2.66925
4.7637 -2.68951
4.76504 -2.70971
4.76638 -2.72984
4.76772 -2.74991
4.76906 -2.76993
4.7704 -2.78987
4.77174 -2.80976
4.77308 -2.82957
4.77442 -2.84933
4.77576 -2.86901
4.7771 -2.88863
4.77844 -2.90818
4.77978 -2.92767
4.78112 -2.94708
4.78246 -2.96642
4.7838 -2.9857
4.78514 -3.0049
4.78648 -3.02403
4.78782 -3.04308
4.78916 -3.06206
4.7905 -3.08097
4.79184 -3.0998
4.79318 -3.11856
4.79452 -3.13723
4.79586 -3.15583
4.7972 -3.17436
4.79854 -3.1928
4.79988 -3.21116
4.80122 -3.22944
4.80256 -3.24764
4.8039 -3.26576
4.80524 -3.28379
4.80658 -3.30174
4.80792 -3.3196
4.80926 -3.33738
4.8106 -3.35507
4.81194 -3.37267
4.81328 -3.39019
4.81462 -3.40761
4.81596 -3.42495
4.8173 -3.44219
4.81864 -3.45935
4.81998 -3.47641
4.82132 -3.49337
4.82266 -3.51025
4.824 -3.52703
4.82534 -3.54371
4.82668 -3.5603
4.82802 -3.57679
4.82936 -3.59318
4.8307 -3.60947
4.83204 -3.62566
4.83338 -3.64175
4.83472 -3.65774
4.83606 -3.67363
4.8374 -3.68941
4.83874 -3.70509
4.84008 -3.72067
4.84142 -3.73614
4.84276 -3.7515
4.8441 -3.76676
4.84544 -3.78191
4.84678 -3.79695
4.84812 -3.81187
4.84946 -3.82669
4.8508 -3.8414
4.85214 -3.856
4.85348 -3.87048
4.85482 -3.88485
4.85616 -3.8991
4.8575 -3.91324
4.85884 -3.92726
4.86018 -3.94116
4.86152 -3.95495
4.86286 -3.96862
4.8642 -3.98217
4.86554 -3.9956
4.86688 -4.0089
4.86822 -4.02209
4.86956 -4.03515
4.8709 -4.04809
4.87224 -4.06091
4.87358 -4.0736
4.87492 -4.08616
4.87626 -4.0986
4.8776 -4.11091
4.87894 -4.1231
4.88028 -4.13515
4.88162 -4.14707
4.88296 -4.15887
4.8843 -4.17053
4.88564 -4.18206
4.88698 -4.19346
4.88832 -4.20473
4.88966 -4.21586
4.891 -4.22686
4.89234 -4.23772
4.89368 -4.24845
4.89502 -4.25904
4.89636 -4.26949
4.8977 -4.27981
4.89904 -4.28999
4.90038 -4.30002
4.90172 -4.30992
4.90306 -4.31968
4.9044 -4.32929
4.90574 -4.33876
4.90708 -4.34809
4.90842 -4.35728
4.90976 -4.36632
4.9111 -4.37522
4.91244 -4.38398
4.91378 -4.39258
4.91512 -4.40105
4.91646 -4.40936
4.9178 -4.41753
4.91914 -4.42555
4.92048 -4.43342
4.92182 -4.44114
4.92316 -4.44872
4.9245 -4.45614
4.92584 -4.46341
4.92718 -4.47053
4.92852 -4.4775
4.92986 -4.48432
4.9312 -4.49099
4.93254 -4.4975
4.93388 -4.50386
4.93522 -4.51006
4.93656 -4.51611
4.9379 -4.52201
4.93924 -4.52775
4.94058 -4.53334
4.94192 -4.53876
4.94326 -4.54404
4.9446 -4.54915
4.94594 -4.55411
4.94728 -4.55891
4.94862 -4.56356
4.94996 -4.56804
4.9513 -4.57237
4.95264 -4.57654
4.95398 -4.58055
4.95532 -4.5844
4.95666 -4.58809
4.958 -4.59162
4.95934 -4.59498
4.96068 -4.59819
4.96202 -4.60124
4.96336 -4.60413
4.9647 -4.60686
4.96604 -4.60942
4.96738 -4.61183
4.96872 -4.61407
4.97006 -4.61615
4.9714 -4.61807
4.97274 -4.61982
4.97408 -4.62142
4.97542 -4.62285
4.97676 -4.62412
4.9781 -4.62522
4.97944 -4.62617
4.98078 -4.62695
4.98212 -4.62757
4.98346 -4.62802
4.9848 -4.62832
4.98614 -4.62844
4.98748 -4.62841
4.98882 -4.62822
4.99016 -4.62786
4.9915 -4.62734
4.99284 -4.62665
4.99418 -4.6258
4.99552 -4.62479
4.99686 -4.62362
4.9982 -4.62229
4.99954 -4.62079
5.00088 -4.61913
5.00222 -4.61731
5.00356 -4.61532
5.0049 -4.61318
5.00624 -4.61087
5.00758 -4.6084
5.00892 -4.60577
5.01026 -4.60297
5.0116 -4.60002
5.01294 -4.59691
5.01428 -4.59363
5.01562 -4.5902
5.01696 -4.5866
5.0183 -4.58285
5.01964 -4.57893
5.02098 -4.57486
5.02232 -4.57063
5.02366 -4.56624
5.025 -4.56169
5.02634 -4.55698
5.02768 -4.55211
5.02902 -4.54709
5.03036 -4.54191
5.0317 -4.53657
5.03304 -4.53108
5.03438 -4.52543
5.03572 -4.51963
5.03706 -4.51367
5.0384 -4.50756
5.03974 -4.50129
5.04108 -4.49487
5.04242 -4.48829
5.04376 -4.48157
5.0451 -4.47469
5.04644 -4.46765
5.04778 -4.46047
5.04912 -4.45314
5.05046 -4.44565
5.0518 -4.43802
5.05314 -4.43024
5.05448 -4.4223
5.05582 -4.41422
5.05716 -4.406
5.0585 -4.39762
5.05984 -4.3891
5.06118 -4.38043
5.06252 -4.37162
5.06386 -4.36266
5.0652 -4.35356
5.06654 -4.34431
5.06788 -4.33492
5.06922 -4.32539
5.07056 -4.31572
5.0719 -4.30591
5.07324 -4.29595
5.07458 -4.28586
5.07592 -4.27563
5.07726 -4.26526
5.0786 -4.25475
5.07994 -4.2441
5.08128 -4.23332
5.08262 -4.2224
5.08396 -4.21135
5.0853 -4.20016
5.08664 -4.18884
5.08798 -4.17739
5.08932 -4.1658
5.09066 -4.15408
5.092 -4.14224
5.09334 -4.13026
5.09468 -4.11815
5.09602 -4.10592
5.09736 -4.09355
5.0987 -4.08106
5.10004 -4.06845
5.10138 -4.05571
5.10272 -4.04284
5.10406 -4.02985
5.1054 -4.01674
5.10674 -4.0035
5.10808 -3.99015
5.10942 -3.97667
5.11076 -3.96307
5.1121 -3.94935
5.11344 -3.93552
5.11478 -3.92157
5.11612 -3.9075
5.11746 -3.89331
5.1188 -3.87901
5.12014 -3.8646
5.12148 -3.85007
5.12282 -3.83543
5.12416 -3.82068
5.1255 -3.80581
5.12684 -3.79084
5.12818 -3.77575
5.12952 -3.76056
5.13086 -3.74526
5.1322 -3.72986
5.13354 -3.71434
5.13488 -3.69872
5.13622 -3.683
5.13756 -3.66718
5.1389 -3.65125
5.14024 -3.63521
5.14158 -3.61908
5.14292 -3.60285
5.14426 -3.58652
5.1456 -3.57009
5.14694 -3.55356
5.14828 -3.53693
5.14962 -3.52021
5.15096 -3.50339
5.1523 -3.48648
5.15364 -3.46947
5.15498 -3.45238
5.15632 -3.43518
5.15766 -3.4179
5.159 -3.40053
5.16034 -3.38307
5.16168 -3.36552
5.16302 -3.34788
5.16436 -3.33015
5.1657 -3.31234
5.16704 -3.29444
5.16838 -3.27646
5.16972 -3.25839
5.17106 -3.24024
5.1724 -3.22201
5.17374 -3.2037
5.17508 -3.1853
5.17642 -3.16683
5.17776 -3.14827
5.1791 -3.12964
5.18044 -3.11093
5.18178 -3.09215
5.18312 -3.07329
5.18446 -3.05435
5.1858 -3.03534
5.18714 -3.01625
5.18848 -2.99709
5.18982 -2.97786
5.19116 -2.95856
5.1925 -2.93919
5.19384 -2.91975
5.19518 -2.90024
5.19652 -2.88066
5.19786 -2.86101
5.1992 -2.8413
5.20054 -2.82152
5.20188 -2.80167
5.20322 -2.78176
5.20456 -2.76179
5.2059 -2.74175
5.20724 -2.72165
5.20858 -2.70149
5.20992 -2.68127
5.21126 -2.66099
5.2126 -2.64065
5.21394 -2.62025
5.21528 -2.59979
5.21662 -2.57928
5.21796 -2.5587
5.2193 -2.53807
5.22064 -2.51739
5.22198 -2.49665
5.22332 -2.47586
5.22466 -2.45502
5.226 -2.43412
5.22734 -2.41317
5.22868 -2.39217
5.23002 -2.37111
5.23136 -2.35001
5.2327 -2.32886
5.23404 -2.30766
5.23538 -2.28641
5.23672 -2.26512
5.23806 -2.24378
5.2394 -2.22239
5.24074 -2.20096
5.24208 -2.17948
5.24342 -2.15795
5.24476 -2.13639
5.2461 -2.11478
5.24744 -2.09313
5.24878 -2.07143
5.25012 -2.0497
5.25146 -2.02792
5.2528 -2.00611
5.25414 -1.98425
5.25548 -1.96236
5.25682 -1.94043
5.25816 -1.91846
5.2595 -1.89645
5.26084 -1.87441
5.26218 -1.85233
5.26352 -1.83022
5.26486 -1.80807
5.2662 -1.78588
5.26754 -1.76366
5.26888 -1.74141
5.27022 -1.71913
5.27156 -1.69681
5.2729 -1.67447
5.27424 -1.65209
5.27558 -1.62968
5.27692 -1.60724
5.27826 -1.58477
5.2796 -1.56227
5.28094 -1.53975
5.28228 -1.51719
5.28362 -1.49461
5.28496 -1.472
5.2863 -1.44937
5.28764 -1.42671
5.28898 -1.40402
5.29032 -1.38131
5.29166 -1.35857
5.293 -1.33581
5.29434 -1.31303
5.29568 -1.29022
5.29702 -1.26739
5.29836 -1.24454
5.2997 -1.22166
5.30104 -1.19877
5.30238 -1.17585
5.30372 -1.15291
5.30506 -1.12996
5.3064 -1.10698
5.30774 -1.08399
5.30908 -1.06097
5.31042 -1.03794
5.31176 -1.01489
5.3131 -0.991826
5.31444 -0.968742
5.31578 -0.945642
5.31712 -0.922526
5.31846 -0.899395
5.3198 -0.876248
5.32114 -0.853087
5.32248 -0.829912
5.32382 -0.806722
5.32516 -0.783519
5.3265 -0.760303
5.32784 -0.737075
5.32918 -0.713834
5.33052 -0.690581
5.33186 -0.667317
5.3332 -0.644042
5.33454 -0.620756
5.33588 -0.597461
5.33722 -0.574155
5.33856 -0.55084
5.3399 -0.527516
5.34124 -0.504183
5.34258 -0.480842
5.34392 -0.457493
5.34526 -0.434137
5.3466 -0.410773
5.34794 -0.387403
5.34928 -0.364027
5.35062 -0.340644
5.35196 -0.317257
5.3533 -0.293864
5.35464 -0.270466
5.35598 -0.247064
5.35732 -0.223658
5.35866 -0.200248
5.36 -0.176835
5.36134 -0.15342
5.36268 -0.130001
5.36402 -0.106581
5.36536 -0.0831589
5.3667 -0.0597355
5.36804 -0.0363112
5.36938 -0.0128862
5.37072 0.0105389
5.37206 0.0339639
5.3734 0.0573883
5.37474 0.0808119
5.37608 0.104234
5.37742 0.127655
5.37876 0.151073
5.3801 0.174489
5.38144 0.197902
5.38278 0.221312
5.38412 0.244719
5.38546 0.268121
5.3868 0.291519
5.38814 0.314913
5.38948 0.338301
5.39082 0.361684
5.39216 0.385061
5.3935 0.408432
5.39484 0.431796
5.39618 0.455153
5.39752 0.478502
5.39886 0.501844
5.4002 0.525178
5.40154 0.548503
5.40288 0.571819
5.40422 0.595126
5.40556 0.618423
5.4069 0.641709
5.40824 0.664985
5.40958 0.688251
5.41092 0.711504
5.41226 0.734746
5.4136 0.757976
5.41494 0.781193
5.41628 0.804398
5.41762 0.827588
5.41896 0.850765
5.4203 0.873928
5.42164 0.897076
5.42298 0.920209
5.42432 0.943327
5.42566 0.966428
5.427 0.989513
5.42834 1.01258
5.42968 1.03563
5.43102 1.05867
5.43236 1.08168
5.4337 1.10468
5.43504 1.12766
5.43638 1.15061
5.43772 1.17355
5.43906 1.19647
5.4404 1.21937
5.44174 1.24225
5.44308 1.2651
5.44442 1.28793
5.44576 1.31074
5.4471 1.33353
5.44844 1.35629
5.44978 1.37903
5.45112 1.40174
5.45246 1.42443
5.4538 1.4471
5.45514 1.46974
5.45648 1.49235
5.45782 1.51493
5.45916 1.53749
5.4605 1.56002
5.46184 1.58252
5.46318 1.60499
5.46452 1.62743
5.46586 1.64984
5.4672 1.67223
5.46854 1.69458
5.46988 1.7169
5.47122 1.73918
5.47256 1.76144
5.4739 1.78366
5.47524 1.80584
5.47658 1.828
5.47792 1.85012
5.47926 1.8722
5.4806 1.89425
5.48194 1.91626
5.48328 1.93823
5.48462 1.96016
5.48596 1.98206
5.4873 2.00392
5.48864 2.02574
5.48998 2.04752
5.49132 2.06926
5.49266 2.09096
5.494 2.11261
5.49534 2.13422
5.49668 2.1558
5.49802 2.17732
5.49936 2.19881
5.5007 2.22024
5.50204 2.24164
5.50338 2.26298
5.50472 2.28428
5.50606 2.30553
5.5074 2.32674
5.50874 2.3479
5.51008 2.369
5.51142 2.39006
5.51276 2.41107
5.5141 2.43202
5.51544 2.45292
5.51678 2.47377
5.51812 2.49457
5.51946 2.51532
5.5208 2.536
5.52214 2.55664
5.52348 2.57722
5.52482 2.59774
5.52616 2.6182
5.5275 2.63861
5.52884 2.65895
5.53018 2.67924
5.53152 2.69947
5.53286 2.71964
5.5342 2.73974
5.53554 2.75978
5.53688 2.77976
5.53822 2.79968
5.53956 2.81953
5.5409 2.83932
5.54224 2.85904
5.54358 2.87869
5.54492 2.89828
5.54626 2.9178
5.5476 2.93724
5.54894 2.95662
5.55028 2.97593
5.55162 2.99517
5.55296 3.01433
5.5543 3.03343
5.55564 3.05245
5.55698 3.07139
5.55832 3.09026
5.55966 3.10905
5.561 3.12777
5.56234 3.14641
5.56368 3.16497
5.56502 3.18345
5.56636 3.20186
5.5677 3.22018
5.56904 3.23842
5.57038 3.25658
5.57172 3.27465
5.57306 3.29264
5.5744 3.31055
5.57574 3.32837
5.57708 3.34611
5.57842 3.36375
5.57976 3.38131
5.5811 3.39878
5.58244 3.41617
5.58378 3.43346
5.58512 3.45066
5.58646 3.46777
5.5878 3.48478
5.58914 3.5017
5.59048 3.51853
5.59182 3.53526
5.59316 3.5519
5.5945 3.56843
5.59584 3.58488
5.59718 3.60122
5.59852 3.61746
5.59986 3.6336
5.6012 3.64964
5.60254 3.66558
5.60388 3.68142
5.60522 3.69715
5.60656 3.71278
5.6079 3.72831
5.60924 3.74372
5.61058 3.75903
5.61192 3.77424
5.61326 3.78933
5.6146 3.80432
5.61594 3.81919
5.61728 3.83396
5.61862 3.84861
5.61996 3.86315
5.6213 3.87757
5.62264 3.89188
5.62398 3.90608
5.62532 3.92016
5.62666 3.93413
5.628 3.94797
5.62934 3.9617
5.63068 3.97531
5.63202 3.9888
5.63336 4.00217
5.6347 4.01542
5.63604 4.02854
5.63738 4.04154
5.63872 4.05442
5.64006 4.06718
5.6414 4.07981
5.64274 4.09231
5.64408 4.10468
5.64542 4.11693
5.64676 4.12905
5.6481 4.14104
5.64944 4.1529
5.65078 4.16463
5.65212 4.17623
5.65346 4.1877
5.6548 4.19903
5.65614 4.21023
5.65748 4.2213
5.65882 4.23223
5.66016 4.24303
5.6615 4.25369
5.66284 4.26421
5.66418 4.2746
5.66552 4.28484
5.66686 4.29495
5.6682 4.30492
5.66954 4.31474
5.67088 4.32443
5.67222 4.33398
5.67356 4.34338
5.6749 4.35264
5.67624 4.36176
5.67758 4.37073
5.67892 4.37956
5.68026 4.38824
5.6816 4.39677
5.68294 4.40516
5.68428 4.41341
5.68562 4.4215
5.68696 4.42945
5.6883 4.43725
5.68964 4.4449
5.69098 4.45239
5.69232 4.45974
5.69366 4.46694
5.695 4.47399
5.69634 4.48088
5.69768 4.48763
5.69902 4.49422
5.70036 4.50065
5.7017 4.50694
5.70304 4.51306
5.70438 4.51904
5.70572 4.52486
5.70706 4.53052
5.7084 4.53603
5.70974 4.54138
5.71108 4.54658
5.71242 4.55162
5.71376 4.5565
5.7151 4.56122
5.71644 4.56579
5.71778 4.57019
5.71912 4.57444
5.72046 4.57853
5.7218 4.58246
5.72314 4.58623
5.72448 4.58984
5.72582 4.5933
5.72716 4.59659
5.7285 4.59972
5.72984 4.60269
5.73118 4.60549
5.73252 4.60814
5.73386 4.61063
5.7352 4.61295
5.73654 4.61511
5.73788 4.61711
5.73922 4.61895
5.74056 4.62063
5.7419 4.62214
5.74324 4.62349
5.74458 4.62468
5.74592 4.62571
5.74726 4.62657
5.7486 4.62727
5.74994 4.62781
5.75128 4.62819
5.75262 4.6284
5.75396 4.62845
5.7553 4.62834
5.75664 4.62806
5.75798 4.62762
5.75932 4.62702
5.76066 4.62625
5.762 4.62533
5.76334 4.62424
5.76468 4.62298
5.76602 4.62157
5.76736 4.61999
5.7687 4.61825
5.77004 4.61635
5.77138 4.61428
5.77272 4.61206
5.77406 4.60967
5.7754 4.60712
5.77674 4.60441
5.77808 4.60154
5.77942 4.59851
5.78076 4.59531
5.7821 4.59196
5.78344 4.58845
5.78478 4.58477
5.78612 4.58094
5.78746 4.57695
5.7888 4.57279
5.79014 4.56848
5.79148 4.56401
5.79282 4.55939
5.79416 4.5546
5.7955 4.54966
5.79684 4.54456
5.79818 4.5393
5.79952 4.53389
5.80086 4.52832
5.8022 4.52259
5.80354 4.51671
5.80488 4.51068
5.80622 4.50449
5.80756 4.49814
5.8089 4.49165
5.81024 4.485
5.81158 4.47819
5.81292 4.47124
5.81426 4.46413
5.8156 4.45688
5.81694 4.44947
5.81828 4.44191
5.81962 4.4342
5.82096 4.42635
5.8223 4.41834
5.82364 4.41019
5.82498 4.40189
5.82632 4.39344
5.82766 4.38485
5.829 4.37611
5.83034 4.36722
5.83168 4.35819
5.83302 4.34902
5.83436 4.3397
5.8357 4.33025
5.83704 4.32065
5.83838 4.3109
5.83972 4.30102
5.84106 4.291
5.8424 4.28084
5.84374 4.27053
5.84508 4.2601
5.84642 4.24952
5.84776 4.23881
5.8491 4.22796
5.85044 4.21697
5.85178 4.20585
5.85312 4.1946
5.85446 4.18321
5.8558 4.17169
5.85714 4.16004
5.85848 4.14826
5.85982 4.13635
5.86116 4.12431
5.8625 4.11214
5.86384 4.09984
5.86518 4.08741
5.86652 4.07486
5.86786 4.06218
5.8692 4.04938
5.87054 4.03645
5.87188 4.0234
5.87322 4.01023
5.87456 3.99694
5.8759 3.98352
5.87724 3.96998
5.87858 3.95633
5.87992 3.94255
5.88126 3.92866
5.8826 3.91465
5.88394 3.90052
5.88528 3.88628
5.88662 3.87192
5.88796 3.85745
5.8893 3.84287
5.89064 3.82817
5.89198 3.81336
5.89332 3.79845
5.89466 3.78342
5.896 3.76828
5.89734 3.75304
5.89868 3.73768
5.90002 3.72222
5.90136 3.70666
5.9027 3.69099
5.90404 3.67522
5.90538 3.65934
5.90672 3.64336
5.90806 3.62728
5.9094 3.6111
5.91074 3.59481
5.91208 3.57843
5.91342 3.56195
5.91476 3.54538
5.9161 3.5287
5.91744 3.51193
5.91878 3.49507
5.92012 3.47811
5.92146 3.46106
5.9228 3.44392
5.92414 3.42668
5.92548 3.40935
5.92682 3.39194
5.92816 3.37443
5.9295 3.35684
5.93084 3.33915
5.93218 3.32139
5.93352 3.30353
5.93486 3.28559
5.9362 3.26757
5.93754 3.24946
5.93888 3.23127
5.94022 3.213
5.94156 3.19464
5.9429 3.17621
5.94424 3.15769
5.94558 3.1391
5.94692 3.12043
5.94826 3.10169
5.9496 3.08286
5.95094 3.06396
5.95228 3.04499
5.95362 3.02594
5.95496 3.00682
5.9563 2.98763
5.95764 2.96836
5.95898 2.94902
5.96032 2.92962
5.96166 2.91014
5.963 2.8906
5.96434 2.87098
5.96568 2.8513
5.96702 2.83156
5.96836 2.81175
5.9697 2.79187
5.97104 2.77193
5.97238 2.75192
5.97372 2.73186
5.97506 2.71173
5.9764 2.69154
5.97774 2.67128
5.97908 2.65097
5.98042 2.6306
5.98176 2.61017
5.9831 2.58969
5.98444 2.56914
5.98578 2.54854
5.98712 2.52789
5.98846 2.50718
5.9898 2.48641
5.99114 2.46559
5.99248 2.44472
5.99382 2.4238
5.99516 2.40282
5.9965 2.3818
5.99784 2.36072
5.99918 2.3396
6.00052 2.31842
6.00186 2.2972
6.0032 2.27593
6.00454 2.25461
6.00588 2.23324
6.00722 2.21183
6.00856 2.19038
6.0099 2.16888
6.01124 2.14733
6.01258 2.12574
6.01392 2.10411
6.01526 2.08244
6.0166 2.06073
6.01794 2.03897
6.01928 2.01718
6.02062 1.99534
6.02196 1.97347
6.0233 1.95156
6.02464 1.92961
6.02598 1.90762
6.02732 1.88559
6.02866 1.86353
6.03 1.84144
6.03134 1.8193
6.03268 1.79714
6.03402 1.77494
6.03536 1.7527
6.0367 1.73044
6.03804 1.70814
6.03938 1.68581
6.04072 1.66344
6.04206 1.64105
6.0434 1.61862
6.04474 1.59617
6.04608 1.57369
6.04742 1.55118
6.04876 1.52864
6.0501 1.50607
6.05144 1.48347
6.05278 1.46085
6.05412 1.4382
6.05546 1.41553
6.0568 1.39283
6.05814 1.37011
6.05948 1.34736
6.06082 1.32458
6.06216 1.30179
6.0635 1.27897
6.06484 1.25613
6.06618 1.23327
6.06752 1.21038
6.06886 1.18748
6.0702 1.16455
6.07154 1.1416
6.07288 1.11864
6.07422 1.09565
6.07556 1.07265
6.0769 1.04963
6.07824 1.02658
6.07958 1.00353
6.08092 0.980452
6.08226 0.95736
6.0836 0.934252
6.08494 0.911129
6.08628 0.88799
6.08762 0.864836
6.08896 0.841668
6.0903 0.818485
6.09164 0.795289
6.09298 0.77208
6.09432 0.748857
6.09566 0.725623
6.097 0.702376
6.09834 0.679118
6.09968 0.655848
6.10102 0.632568
6.10236 0.609277
6.1037 0.585976
6.10504 0.562666
6.10638 0.539346
6.10772 0.516018
6.10906 0.492681
6.1104 0.469336
6.11174 0.445983
6.11308 0.422624
6.11442 0.399257
6.11576 0.375884
6.1171 0.352504
6.11844 0.329119
6.11978 0.305729
6.12112 0.282334
6.12246 0.258934
6.1238 0.23553
6.12514 0.212122
6.12648 0.18871
6.12782 0.165296
6.12916 0.141879
6.1305 0.11846
6.13184 0.0950384
6.13318 0.0716156
6.13452 0.0481917
6.13586 0.024767
6.1372 0.00134193
6.13854 -0.0220832
6.13988 -0.0455079
6.14122 -0.068932
6.14256 -0.0923549
6.1439 -0.115776
6.14524 -0.139196
6.14658 -0.162613
6.14792 -0.186028
6.14926 -0.20944
6.1506 -0.232848
6.15194 -0.256252
6.15328 -0.279653
6.15462 -0.303049
6.15596 -0.32644
6.1573 -0.349825
6.15864 -0.373205
6.15998 -0.396579
6.16132 -0.419947
6.16266 -0.443307
6.164 -0.466661
6.16534 -0.490007
6.16668 -0.513344
6.16802 -0.536674
6.16936 -0.559995
6.1707 -0.583306
6.17204 -0.606608
6.17338 -0.6299
6.17472 -0.653181
6.17606 -0.676452
6.1774 -0.699712
6.17874 -0.72296
6.18008 -0.746196
6.18142 -0.76942
6.18276 -0.792631
6.1841 -0.815828
6.18544 -0.839012
6.18678 -0.862182
6.18812 -0.885338
6.18946 -0.908478
6.1908 -0.931604
6.19214 -0.954714
6.19348 -0.977807
6.19482 -1.00088
6.19616 -1.02394
6.1975 -1.04699
6.19884 -1.07001
6.20018 -1.09302
6.20152 -1.116
6.20286 -1.13897
6.2042 -1.16192
6.20554 -1.18485
6.20688 -1.20776
6.20822 -1.23065
6.20956 -1.25351
6.2109 -1.27635
6.21224 -1.29918
6.21358 -1.32197
6.21492 -1.34475
6.21626 -1.3675
6.2176 -1.39023
6.21894 -1.41293
6.22028 -1.43561
6.22162 -1.45826
6.22296 -1.48088
6.2243 -1.50348
6.22564 -1.52605
6.22698 -1.5486
6.22832 -1.57111
6.22966 -1.5936
6.231 -1.61605
6.23234 -1.63848
6.23368 -1.66088
6.23502 -1.68324
6.23636 -1.70558
6.2377 -1.72788
6.23904 -1.75015
6.24038 -1.77239
6.24172 -1.7946
6.24306 -1.81677
6.2444 -1.8389
6.24574 -1.861
6.24708 -1.88307
6.24842 -1.9051
6.24976 -1.92709
6.2511 -1.94904
6.25244 -1.97096
6.25378 -1.99284
6.25512 -2.01468
6.25646 -2.03648
6.2578 -2.05824
6.25914 -2.07996
6.26048 -2.10163
6.26182 -2.12327
6.26316 -2.14486
6.2645 -2.16641
6.26584 -2.18792
6.26718 -2.20938
6.26852 -2.23079
6.26986 -2.25216
6.2712 -2.27349
6.27254 -2.29476
6.27388 -2.31599
6.27522 -2.33717
6.27656 -2.3583
6.2779 -2.37939
6.27924 -2.40042
6.28058 -2.4214
6.28192 -2.44233
6.28326 -2.46321
6.2846 -2.48403
6.28594 -2.5048
6.28728 -2.52552
6.28862 -2.54618
6.28996 -2.56679
6.2913 -2.58734
6.29264 -2.60783
6.29398 -2.62827
6.29532 -2.64864
6.29666 -2.66896
6.298 -2.68922
6.29934 -2.70942
6.30068 -2.72955
6.30202 -2.74963
6.30336 -2.76964
6.3047 -2.78959
6.30604 -2.80947
6.30738 -2.82929
6.30872 -2.84904
6.31006 -2.86873
6.3114 -2.88835
6.31274 -2.9079
6.31408 -2.92739
6.31542 -2.9468
6.31676 -2.96615
6.3181 -2.98542
6.31944 -3.00462
6.32078 -3.02375
6.32212 -3.04281
6.32346 -3.06179
6.3248 -3.0807
6.32614 -3.09953
6.32748 -3.11829
6.32882 -3.13697
6.33016 -3.15557
6.3315 -3.17409
6.33284 -3.19253
6.33418 -3.2109
6.33552 -3.22918
6.33686 -3.24738
6.3382 -3.2655
6.33954 -3.28353
6.34088 -3.30148
6.34222 -3.31934
6.34356 -3.33712
6.3449 -3.35481
6.34624 -3.37242
6.34758 -3.38994
6.34892 -3.40736
6.35026 -3.4247
6.3516 -3.44195
6.35294 -3.4591
6.35428 -3.47616
6.35562 -3.49313
6.35696 -3.51001
6.3583 -3.52679
6.35964 -3.54347
6.36098 -3.56006
6.36232 -3.57655
6.36366 -3.59294
6.365 -3.60924
6.36634 -3.62543
6.36768 -3.64152
6.36902 -3.65751
6.37036 -3.6734
6.3717 -3.68919
6.37304 -3.70487
6.37438 -3.72045
6.37572 -3.73592
6.37706 -3.75128
6.3784 -3.76654
6.37974 -3.78169
6.38108 -3.79673
6.38242 -3.81166
6.38376 -3.82648
6.3851 -3.84119
6.38644 -3.85579
6.38778 -3.87027
6.38912 -3.88464
6.39046 -3.8989
6.3918 -3.91304
6.39314 -3.92706
6.39448 -3.94097
6.39582 -3.95475
6.39716 -3.96842
6.3985 -3.98197
6.39984 -3.9954
6.40118 -4.00871
6.40252 -4.0219
6.40386 -4.03497
6.4052 -4.04791
6.40654 -4.06072
6.40788 -4.07342
6.40922 -4.08598
6.41056 -4.09842
6.4119 -4.11074
6.41324 -4.12292
6.41458 -4.13498
6.41592 -4.1469
6.41726 -4.1587
6.4186 -4.17037
6.41994 -4.1819
6.42128 -4.1933
6.42262 -4.20457
6.42396 -4.2157
6.4253 -4.2267
6.42664 -4.23757
6.42798 -4.2483
6.42932 -4.25889
6.43066 -4.26935
6.432 -4.27966
6.43334 -4.28984
6.43468 -4.29988
6.43602 -4.30978
6.43736 -4.31954
6.4387 -4.32915
6.44004 -4.33863
6.44138 -4.34796
6.44272 -4.35715
6.44406 -4.3662
6.4454 -4.3751
6.44674 -4.38385
6.44808 -4.39246
6.44942 -4.40093
6.45076 -4.40924
6.4521 -4.41741
6.45344 -4.42544
6.45478 -4.43331
6.45612 -4.44104
6.45746 -4.44861
6.4588 -4.45604
6.46014 -4.46331
6.46148 -4.47043
6.46282 -4.47741
6.46416 -4.48423
6.4655 -4.49089
6.46684 -4.49741
6.46818 -4.50377
6.46952 -4.50998
6.47086 -4.51603
6.4722 -4.52193
6.47354 -4.52767
6.47488 -4.53326
6.47622 -4.53869
6.47756 -4.54396
6.4789 -4.54908
6.48024 -4.55404
6.48158 -4.55885
6.48292 -4.56349
6.48426 -4.56798
6.4856 -4.57231
6.48694 -4.57648
6.48828 -4.58049
6.48962 -4.58434
6.49096 -4.58803
6.4923 -4.59157
6.49364 -4.59494
6.49498 -4.59815
6.49632 -4.6012
6.49766 -4.60409
6.499 -4.60682
6.50034 -4.60939
6.50168 -4.61179
6.50302 -4.61404
6.50436 -4.61612
6.5057 -4.61804
6.50704 -4.6198
6.50838 -4.6214
6.50972 -4.62283
6.51106 -4.6241
6.5124 -4.62521
6.51374 -4.62616
6.51508 -4.62694
6.51642 -4.62756
6.51776 -4.62802
6.5191 -4.62831
6.52044 -4.62844
6.52178 -4.62841
6.52312 -4.62822
6.52446 -4.62786
6.5258 -4.62734
6.52714 -4.62666
6.52848 -4.62582
6.52982 -4.62481
6.53116 -4.62364
6.5325 -4.62231
6.53384 -4.62081
6.53518 -4.61915
6.53652 -4.61733
6.53786 -4.61535
6.5392 -4.61321
6.54054 -4.6109
6.54188 -4.60843
6.54322 -4.60581
6.54456 -4.60302
6.5459 -4.60007
6.54724 -4.59695
6.54858 -4.59368
6.54992 -4.59025
6.55126 -4.58666
6.5526 -4.5829
6.55394 -4.57899
6.55528 -4.57492
6.55662 -4.57069
6.55796 -4.5663
6.5593 -4.56175
6.56064 -4.55705
6.56198 -4.55218
6.56332 -4.54716
6.56466 -4.54199
6.566 -4.53665
6.56734 -4.53116
6.56868 -4.52552
6.57002 -4.51971
6.57136 -4.51376
6.5727 -4.50765
6.57404 -4.50138
6.57538 -4.49496
6.57672 -4.48839
6.57806 -4.48166
6.5794 -4.47479
6.58074 -4.46776
6.58208 -4.46058
6.58342 -4.45324
6.58476 -4.44576
6.5861 -4.43813
6.58744 -4.43035
6.58878 -4.42242
6.59012 -4.41434
6.59146 -4.40612
6.5928 -4.39774
6.59414 -4.38922
6.59548 -4.38056
6.59682 -4.37175
6.59816 -4.36279
6.5995 -4.35369
6.60084 -4.34445
6.60218 -4.33506
6.60352 -4.32553
6.60486 -4.31586
6.6062 -4.30605
6.60754 -4.2961
6.60888 -4.28601
6.61022 -4.27578
6.61156 -4.26541
6.6129 -4.2549
6.61424 -4.24426
6.61558 -4.23348
6.61692 -4.22256
6.61826 -4.21151
6.6196 -4.20032
6.62094 -4.18901
6.62228 -4.17755
6.62362 -4.16597
6.62496 -4.15425
6.6263 -4.14241
6.62764 -4.13043
6.62898 -4.11833
6.63032 -4.10609
6.63166 -4.09373
6.633 -4.08125
6.63434 -4.06863
6.63568 -4.05589
6.63702 -4.04303
6.63836 -4.03004
6.6397 -4.01693
6.64104 -4.00369
6.64238 -3.99034
6.64372 -3.97686
6.64506 -3.96327
6.6464 -3.94955
6.64774 -3.93572
6.64908 -3.92177
6.65042 -3.9077
6.65176 -3.89352
6.6531 -3.87922
6.65444 -3.86481
6.65578 -3.85028
6.65712 -3.83564
6.65846 -3.82089
6.6598 -3.80603
6.66114 -3.79105
6.66248 -3.77597
6.66382 -3.76078
6.66516 -3.74548
6.6665 -3.73008
6.66784 -3.71457
6.66918 -3.69895
6.67052 -3.68323
6.67186 -3.6674
6.6732 -3.65148
6.67454 -3.63545
6.67588 -3.61932
6.67722 -3.60308
6.67856 -3.58675
6.6799 -3.57032
6.68124 -3.5538
6.68258 -3.53717
6.68392 -3.52045
6.68526 -3.50363
6.6866 -3.48672
6.68794 -3.46972
6.68928 -3.45262
6.69062 -3.43543
6.69196 -3.41815
6.6933 -3.40078
6.69464 -3.38332
6.69598 -3.36577
6.69732 -3.34813
6.69866 -3.33041
6.7 -3.3126
