0 1.1
0.00134 1.09998
0.00268 1.09994
0.00402 1.09986
0.00536 1.09975
0.0067 1.09961
0.00804 1.09944
0.00938 1.09923
0.01072 1.099
0.01206 1.09873
0.0134 1.09843
0.01474 1.0981
0.01608 1.09774
0.01742 1.09735
0.01876 1.09692
0.0201 1.09647
0.02144 1.09598
0.02278 1.09547
0.02412 1.09492
0.02546 1.09434
0.0268 1.09373
0.02814 1.09308
0.02948 1.09241
0.03082 1.0917
0.03216 1.09097
0.0335 1.0902
0.03484 1.0894
0.03618 1.08857
0.03752 1.08771
0.03886 1.08682
0.0402 1.08589
0.04154 1.08494
0.04288 1.08395
0.04422 1.08293
0.04556 1.08189
0.0469 1.08081
0.04824 1.0797
0.04958 1.07855
0.05092 1.07738
0.05226 1.07618
0.0536 1.07494
0.05494 1.07368
0.05628 1.07238
0.05762 1.07105
0.05896 1.06969
0.0603 1.06831
0.06164 1.06689
0.06298 1.06543
0.06432 1.06395
0.06566 1.06244
0.067 1.0609
0.06834 1.05932
0.06968 1.05772
0.07102 1.05608
0.07236 1.05442
0.0737 1.05272
0.07504 1.05099
0.07638 1.04923
0.07772 1.04745
0.07906 1.04563
0.0804 1.04378
0.08174 1.0419
0.08308 1.03999
0.08442 1.03805
0.08576 1.03608
0.0871 1.03407
0.08844 1.03204
0.08978 1.02998
0.09112 1.02789
0.09246 1.02577
0.0938 1.02361
0.09514 1.02143
0.09648 1.01922
0.09782 1.01698
0.09916 1.01471
0.1005 1.0124
0.10184 1.01007
0.10318 1.00771
0.10452 1.00532
0.10586 1.0029
0.1072 1.00045
0.10854 0.997965
0.10988 0.995454
0.11122 0.992915
0.11256 0.990345
0.1139 0.987747
0.11524 0.985119
0.11658 0.982461
0.11792 0.979774
0.11926 0.977058
0.1206 0.974313
0.12194 0.971539
0.12328 0.968736
0.12462 0.965903
0.12596 0.963042
0.1273 0.960152
0.12864 0.957233
0.12998 0.954285
0.13132 0.951308
0.13266 0.948303
0.134 0.945269
0.13534 0.942207
0.13668 0.939116
0.13802 0.935997
0.13936 0.932849
0.1407 0.929673
0.14204 0.926469
0.14338 0.923237
0.14472 0.919977
0.14606 0.916688
0.1474 0.913372
0.14874 0.910028
0.15008 0.906656
0.15142 0.903256
0.15276 0.899829
0.1541 0.896374
0.15544 0.892892
0.15678 0.889382
0.15812 0.885845
0.15946 0.882281
0.1608 0.878689
0.16214 0.87507
0.16348 0.871425
0.16482 0.867752
0.16616 0.864053
0.1675 0.860326
0.16884 0.856573
0.17018 0.852794
0.17152 0.848988
0.17286 0.845155
0.1742 0.841297
0.17554 0.837412
0.17688 0.833501
0.17822 0.829563
0.17956 0.8256
0.1809 0.821611
0.18224 0.817596
0.18358 0.813556
0.18492 0.80949
0.18626 0.805398
0.1876 0.801281
0.18894 0.797139
0.19028 0.792972
0.19162 0.788779
0.19296 0.784562
0.1943 0.780319
0.19564 0.776052
0.19698 0.77176
0.19832 0.767444
0.19966 0.763103
0.201 0.758738
0.20234 0.754349
0.20368 0.749936
0.20502 0.745498
0.20636 0.741037
0.2077 0.736552
0.20904 0.732044
0.21038 0.727511
0.21172 0.722956
0.21306 0.718377
0.2144 0.713775
0.21574 0.70915
0.21708 0.704502
0.21842 0.699831
0.21976 0.695138
0.2211 0.690422
0.22244 0.685684
0.22378 0.680923
0.22512 0.67614
0.22646 0.671335
0.2278 0.666508
0.22914 0.66166
0.23048 0.65679
0.23182 0.651898
0.23316 0.646985
0.2345 0.642051
0.23584 0.637096
0.23718 0.63212
0.23852 0.627123
0.23986 0.622105
0.2412 0.617067
0.24254 0.612008
0.24388 0.60693
0.24522 0.601831
0.24656 0.596712
0.2479 0.591574
0.24924 0.586415
0.25058 0.581238
0.25192 0.576041
0.25326 0.570825
0.2546 0.56559
0.25594 0.560336
0.25728 0.555063
0.25862 0.549772
0.25996 0.544462
0.2613 0.539134
0.26264 0.533788
0.26398 0.528425
0.26532 0.523043
0.26666 0.517644
0.268 0.512227
0.26934 0.506794
0.27068 0.501343
0.27202 0.495875
0.27336 0.49039
0.2747 0.484889
0.27604 0.479372
0.27738 0.473838
0.27872 0.468288
0.28006 0.462722
0.2814 0.457141
0.28274 0.451544
0.28408 0.445932
0.28542 0.440304
0.28676 0.434662
0.2881 0.429004
0.28944 0.423333
0.29078 0.417646
0.29212 0.411945
0.29346 0.406231
0.2948 0.400502
0.29614 0.39476
0.29748 0.389004
0.29882 0.383234
0.30016 0.377452
0.3015 0.371657
0.30284 0.365848
0.30418 0.360028
0.30552 0.354194
0.30686 0.348349
0.3082 0.342492
0.30954 0.336622
0.31088 0.330742
0.31222 0.324849
0.31356 0.318946
0.3149 0.313031
0.31624 0.307106
0.31758 0.30117
0.31892 0.295223
0.32026 0.289267
0.3216 0.2833
0.32294 0.277324
0.32428 0.271337
0.32562 0.265342
0.32696 0.259337
0.3283 0.253323
0.32964 0.2473
0.33098 0.241269
0.33232 0.235229
0.33366 0.229181
0.335 0.223125
0.33634 0.217062
0.33768 0.21099
0.33902 0.204912
0.34036 0.198826
0.3417 0.192733
0.34304 0.186633
0.34438 0.180527
0.34572 0.174415
0.34706 0.168297
0.3484 0.162172
0.34974 0.156042
0.35108 0.149907
0.35242 0.143766
0.35376 0.13762
0.3551 0.131469
0.35644 0.125314
0.35778 0.119154
0.35912 0.112991
0.36046 0.106823
0.3618 0.100651
0.36314 0.0944761
0.36448 0.0882976
0.36582 0.0821161
0.36716 0.0759317
0.3685 0.0697446
0.36984 0.0635551
0.37118 0.0573633
0.37252 0.0511695
0.37386 0.0449739
0.3752 0.0387767
0.37654 0.0325782
0.37788 0.0263785
0.37922 0.0201779
0.38056 0.0139766
0.3819 0.00777475
0.38324 0.00157266
0.38458 -0.00462948
0.38592 -0.0108315
0.38726 -0.0170331
0.3886 -0.0232341
0.38994 -0.0294342
0.39128 -0.0356334
0.39262 -0.0418313
0.39396 -0.0480277
0.3953 -0.0542224
0.39664 -0.0604153
0.39798 -0.066606
0.39932 -0.0727943
0.40066 -0.0789801
0.402 -0.0851631
0.40334 -0.0913432
0.40468 -0.09752
0.40602 -0.103693
0.40736 -0.109863
0.4087 -0.116029
0.41004 -0.122191
0.41138 -0.128348
0.41272 -0.134501
0.41406 -0.14065
0.4154 -0.146793
0.41674 -0.152931
0.41808 -0.159064
0.41942 -0.165191
0.42076 -0.171313
0.4221 -0.177428
0.42344 -0.183538
0.42478 -0.189641
0.42612 -0.195737
0.42746 -0.201826
0.4288 -0.207908
0.43014 -0.213984
0.43148 -0.220051
0.43282 -0.226111
0.43416 -0.232163
0.4355 -0.238207
0.43684 -0.244243
0.43818 -0.25027
0.43952 -0.256288
0.44086 -0.262298
0.4422 -0.268298
0.44354 -0.274289
0.44488 -0.28027
0.44622 -0.286242
0.44756 -0.292204
0.4489 -0.298156
0.45024 -0.304097
0.45158 -0.310028
0.45292 -0.315948
0.45426 -0.321857
0.4556 -0.327755
0.45694 -0.333642
0.45828 -0.339517
0.45962 -0.34538
0.46096 -0.351232
0.4623 -0.357071
0.46364 -0.362898
0.46498 -0.368713
0.46632 -0.374515
0.46766 -0.380304
0.469 -0.38608
0.47034 -0.391842
0.47168 -0.397592
0.47302 -0.403327
0.47436 -0.409049
0.4757 -0.414757
0.47704 -0.420451
0.47838 -0.42613
0.47972 -0.431795
0.48106 -0.437445
0.4824 -0.44308
0.48374 -0.4487
0.48508 -0.454305
0.48642 -0.459894
0.48776 -0.465468
0.4891 -0.471025
0.49044 -0.476567
0.49178 -0.482093
0.49312 -0.487603
0.49446 -0.493096
0.4958 -0.498572
0.49714 -0.504031
0.49848 -0.509474
0.49982 -0.514899
0.50116 -0.520307
0.5025 -0.525698
0.50384 -0.531071
0.50518 -0.536426
0.50652 -0.541763
0.50786 -0.547081
0.5092 -0.552382
0.51054 -0.557664
0.51188 -0.562928
0.51322 -0.568172
0.51456 -0.573398
0.5159 -0.578605
0.51724 -0.583792
0.51858 -0.58896
0.51992 -0.594109
0.52126 -0.599237
0.5226 -0.604346
0.52394 -0.609435
0.52528 -0.614504
0.52662 -0.619553
0.52796 -0.624581
0.5293 -0.629588
0.53064 -0.634575
0.53198 -0.639541
0.53332 -0.644486
0.53466 -0.649409
0.536 -0.654312
0.53734 -0.659193
0.53868 -0.664052
0.54002 -0.66889
0.54136 -0.673706
0.5427 -0.6785
0.54404 -0.683272
0.54538 -0.688022
0.54672 -0.692749
0.54806 -0.697454
0.5494 -0.702136
0.55074 -0.706796
0.55208 -0.711432
0.55342 -0.716046
0.55476 -0.720637
0.5561 -0.725204
0.55744 -0.729748
0.55878 -0.734269
0.56012 -0.738766
0.56146 -0.743239
0.5628 -0.747689
0.56414 -0.752114
0.56548 -0.756516
0.56682 -0.760893
0.56816 -0.765246
0.5695 -0.769575
0.57084 -0.773879
0.57218 -0.778158
0.57352 -0.782413
0.57486 -0.786643
0.5762 -0.790849
0.57754 -0.795029
0.57888 -0.799184
0.58022 -0.803313
0.58156 -0.807418
0.5829 -0.811497
0.58424 -0.81555
0.58558 -0.819578
0.58692 -0.82358
0.58826 -0.827557
0.5896 -0.831507
0.59094 -0.835432
0.59228 -0.83933
0.59362 -0.843202
0.59496 -0.847048
0.5963 -0.850867
0.59764 -0.85466
0.59898 -0.858427
0.60032 -0.862166
0.60166 -0.865879
0.603 -0.869566
0.60434 -0.873225
0.60568 -0.876857
0.60702 -0.880463
0.60836 -0.884041
0.6097 -0.887592
0.61104 -0.891115
0.61238 -0.894612
0.61372 -0.89808
0.61506 -0.901522
0.6164 -0.904935
0.61774 -0.908321
0.61908 -0.91168
0.62042 -0.91501
0.62176 -0.918313
0.6231 -0.921587
0.62444 -0.924834
0.62578 -0.928052
0.62712 -0.931242
0.62846 -0.934404
0.6298 -0.937538
0.63114 -0.940643
0.63248 -0.94372
0.63382 -0.946768
0.63516 -0.949788
0.6365 -0.952779
0.63784 -0.955741
0.63918 -0.958675
0.64052 -0.96158
0.64186 -0.964456
0.6432 -0.967303
0.64454 -0.970121
0.64588 -0.97291
0.64722 -0.97567
0.64856 -0.978401
0.6499 -0.981102
0.65124 -0.983775
0.65258 -0.986418
0.65392 -0.989031
0.65526 -0.991615
0.6566 -0.99417
0.65794 -0.996695
0.65928 -0.999191
0.66062 -1.00166
0.66196 -1.00409
0.6633 -1.0065
0.66464 -1.00888
0.66598 -1.01122
0.66732 -1.01354
0.66866 -1.01583
0.67 -1.01809
0.67134 -1.02031
0.67268 -1.02251
0.67402 -1.02468
0.67536 -1.02682
0.6767 -1.02892
0.67804 -1.031
0.67938 -1.03305
0.68072 -1.03506
0.68206 -1.03705
0.6834 -1.03901
0.68474 -1.04093
0.68608 -1.04283
0.68742 -1.04469
0.68876 -1.04653
0.6901 -1.04833
0.69144 -1.0501
0.69278 -1.05185
0.69412 -1.05356
0.69546 -1.05524
0.6968 -1.05689
0.69814 -1.05851
0.69948 -1.0601
0.70082 -1.06166
0.70216 -1.06319
0.7035 -1.06469
0.70484 -1.06615
0.70618 -1.06759
0.70752 -1.06899
0.70886 -1.07037
0.7102 -1.07171
0.71154 -1.07302
0.71288 -1.0743
0.71422 -1.07556
0.71556 -1.07677
0.7169 -1.07796
0.71824 -1.07912
0.71958 -1.08025
0.72092 -1.08134
0.72226 -1.08241
0.7236 -1.08344
0.72494 -1.08444
0.72628 -1.08541
0.72762 -1.08635
0.72896 -1.08726
0.7303 -1.08814
0.73164 -1.08898
0.73298 -1.0898
0.73432 -1.09058
0.73566 -1.09133
0.737 -1.09205
0.73834 -1.09274
0.73968 -1.0934
0.74102 -1.09403
0.74236 -1.09463
0.7437 -1.09519
0.74504 -1.09573
0.74638 -1.09623
0.74772 -1.0967
0.74906 -1.09714
0.7504 -1.09755
0.75174 -1.09792
0.75308 -1.09827
0.75442 -1.09858
0.75576 -1.09886
0.7571 -1.09912
0.75844 -1.09934
0.75978 -1.09952
0.76112 -1.09968
0.76246 -1.09981
0.7638 -1.0999
0.76514 -1.09996
0.76648 -1.1
0.76782 -1.1
0.76916 -1.09997
0.7705 -1.0999
0.77184 -1.09981
0.77318 -1.09968
0.77452 -1.09953
0.77586 -1.09934
0.7772 -1.09912
0.77854 -1.09887
0.77988 -1.09859
0.78122 -1.09827
0.78256 -1.09793
0.7839 -1.09755
0.78524 -1.09714
0.78658 -1.0967
0.78792 -1.09623
0.78926 -1.09573
0.7906 -1.0952
0.79194 -1.09464
0.79328 -1.09404
0.79462 -1.09341
0.79596 -1.09275
0.7973 -1.09206
0.79864 -1.09134
0.79998 -1.09059
0.80132 -1.08981
0.80266 -1.08899
0.804 -1.08815
0.80534 -1.08727
0.80668 -1.08636
0.80802 -1.08543
0.80936 -1.08445
0.8107 -1.08345
0.81204 -1.08242
0.81338 -1.08136
0.81472 -1.08026
0.81606 -1.07914
0.8174 -1.07798
0.81874 -1.07679
0.82008 -1.07557
0.82142 -1.07432
0.82276 -1.07304
0.8241 -1.07173
0.82544 -1.07039
0.82678 -1.06901
0.82812 -1.06761
0.82946 -1.06617
0.8308 -1.06471
0.83214 -1.06321
0.83348 -1.06168
0.83482 -1.06012
0.83616 -1.05854
0.8375 -1.05692
0.83884 -1.05526
0.84018 -1.05358
0.84152 -1.05187
0.84286 -1.05013
0.8442 -1.04836
0.84554 -1.04655
0.84688 -1.04472
0.84822 -1.04285
0.84956 -1.04096
0.8509 -1.03903
0.85224 -1.03708
0.85358 -1.03509
0.85492 -1.03308
0.85626 -1.03103
0.8576 -1.02895
0.85894 -1.02685
0.86028 -1.02471
0.86162 -1.02254
0.86296 -1.02035
0.8643 -1.01812
0.86564 -1.01586
0.86698 -1.01357
0.86832 -1.01126
0.86966 -1.00891
0.871 -1.00653
0.87234 -1.00413
0.87368 -1.00169
0.87502 -0.999226
0.87636 -0.996731
0.8777 -0.994206
0.87904 -0.991652
0.88038 -0.989068
0.88172 -0.986455
0.88306 -0.983813
0.8844 -0.981141
0.88574 -0.97844
0.88708 -0.975709
0.88842 -0.97295
0.88976 -0.970161
0.8911 -0.967343
0.89244 -0.964497
0.89378 -0.961621
0.89512 -0.958717
0.89646 -0.955784
0.8978 -0.952821
0.89914 -0.949831
0.90048 -0.946811
0.90182 -0.943764
0.90316 -0.940687
0.9045 -0.937582
0.90584 -0.934449
0.90718 -0.931287
0.90852 -0.928098
0.90986 -0.92488
0.9112 -0.921634
0.91254 -0.918359
0.91388 -0.915057
0.91522 -0.911727
0.91656 -0.90837
0.9179 -0.904984
0.91924 -0.901571
0.92058 -0.89813
0.92192 -0.894661
0.92326 -0.891165
0.9246 -0.887642
0.92594 -0.884092
0.92728 -0.880514
0.92862 -0.876909
0.92996 -0.873277
0.9313 -0.869618
0.93264 -0.865932
0.93398 -0.86222
0.93532 -0.85848
0.93666 -0.854714
0.938 -0.850921
0.93934 -0.847102
0.94068 -0.843257
0.94202 -0.839385
0.94336 -0.835487
0.9447 -0.831563
0.94604 -0.827613
0.94738 -0.823637
0.94872 -0.819636
0.95006 -0.815608
0.9514 -0.811555
0.95274 -0.807476
0.95408 -0.803372
0.95542 -0.799243
0.95676 -0.795088
0.9581 -0.790908
0.95944 -0.786704
0.96078 -0.782474
0.96212 -0.778219
0.96346 -0.77394
0.9648 -0.769636
0.96614 -0.765308
0.96748 -0.760955
0.96882 -0.756578
0.97016 -0.752177
0.9715 -0.747752
0.97284 -0.743303
0.97418 -0.73883
0.97552 -0.734333
0.97686 -0.729813
0.9782 -0.725269
0.97954 -0.720702
0.98088 -0.716112
0.98222 -0.711499
0.98356 -0.706862
0.9849 -0.702203
0.98624 -0.697521
0.98758 -0.692816
0.98892 -0.688089
0.99026 -0.68334
0.9916 -0.678568
0.99294 -0.673775
0.99428 -0.668959
0.99562 -0.664122
0.99696 -0.659262
0.9983 -0.654382
0.99964 -0.64948
1.00098 -0.644556
1.00232 -0.639611
1.00366 -0.634646
1.005 -0.629659
1.00634 -0.624652
1.00768 -0.619625
1.00902 -0.614576
1.01036 -0.609508
1.0117 -0.604419
1.01304 -0.599311
1.01438 -0.594182
1.01572 -0.589034
1.01706 -0.583866
1.0184 -0.578679
1.01974 -0.573473
1.02108 -0.568247
1.02242 -0.563003
1.02376 -0.557739
1.0251 -0.552458
1.02644 -0.547157
1.02778 -0.541839
1.02912 -0.536502
1.03046 -0.531147
1.0318 -0.525775
1.03314 -0.520384
1.03448 -0.514977
1.03582 -0.509551
1.03716 -0.504109
1.0385 -0.49865
1.03984 -0.493174
1.04118 -0.487681
1.04252 -0.482172
1.04386 -0.476646
1.0452 -0.471105
1.04654 -0.465547
1.04788 -0.459974
1.04922 -0.454384
1.05056 -0.44878
1.0519 -0.44316
1.05324 -0.437525
1.05458 -0.431875
1.05592 -0.426211
1.05726 -0.420532
1.0586 -0.414838
1.05994 -0.409131
1.06128 -0.403409
1.06262 -0.397674
1.06396 -0.391924
1.0653 -0.386162
1.06664 -0.380386
1.06798 -0.374597
1.06932 -0.368796
1.07066 -0.362981
1.072 -0.357154
1.07334 -0.351315
1.07468 -0.345464
1.07602 -0.3396
1.07736 -0.333726
1.0787 -0.327839
1.08004 -0.321941
1.08138 -0.316032
1.08272 -0.310112
1.08406 -0.304182
1.0854 -0.29824
1.08674 -0.292289
1.08808 -0.286327
1.08942 -0.280356
1.09076 -0.274374
1.0921 -0.268383
1.09344 -0.262383
1.09478 -0.256374
1.09612 -0.250356
1.09746 -0.244329
1.0988 -0.238293
1.10014 -0.232249
1.10148 -0.226197
1.10282 -0.220138
1.10416 -0.21407
1.1055 -0.207995
1.10684 -0.201913
1.10818 -0.195824
1.10952 -0.189728
1.11086 -0.183625
1.1122 -0.177516
1.11354 -0.1714
1.11488 -0.165279
1.11622 -0.159152
1.11756 -0.153019
1.1189 -0.146881
1.12024 -0.140737
1.12158 -0.134589
1.12292 -0.128436
1.12426 -0.122279
1.1256 -0.116117
1.12694 -0.109951
1.12828 -0.103781
1.12962 -0.0976081
1.13096 -0.0914314
1.1323 -0.0852514
1.13364 -0.0790684
1.13498 -0.0728826
1.13632 -0.0666943
1.13766 -0.0605037
1.139 -0.0543109
1.14034 -0.0481162
1.14168 -0.0419198
1.14302 -0.0357219
1.14436 -0.0295227
1.1457 -0.0233226
1.14704 -0.0171216
1.14838 -0.01092
1.14972 -0.00471801
1.15106 0.00148413
1.1524 0.00768622
1.15374 0.013888
1.15508 0.0200894
1.15642 0.02629
1.15776 0.0324897
1.1591 0.0386883
1.16044 0.0448855
1.16178 0.0510811
1.16312 0.0572749
1.16446 0.0634667
1.1658 0.0696563
1.16714 0.0758434
1.16848 0.0820278
1.16982 0.0882094
1.17116 0.0943879
1.1725 0.100563
1.17384 0.106735
1.17518 0.112903
1.17652 0.119066
1.17786 0.125226
1.1792 0.131382
1.18054 0.137532
1.18188 0.143678
1.18322 0.149819
1.18456 0.155955
1.1859 0.162085
1.18724 0.168209
1.18858 0.174328
1.18992 0.18044
1.19126 0.186546
1.1926 0.192646
1.19394 0.198739
1.19528 0.204825
1.19662 0.210904
1.19796 0.216975
1.1993 0.223039
1.20064 0.229095
1.20198 0.235143
1.20332 0.241183
1.20466 0.247214
1.206 0.253237
1.20734 0.259251
1.20868 0.265256
1.21002 0.271252
1.21136 0.277238
1.2127 0.283215
1.21404 0.289182
1.21538 0.295139
1.21672 0.301085
1.21806 0.307021
1.2194 0.312947
1.22074 0.318862
1.22208 0.324765
1.22342 0.330658
1.22476 0.336539
1.2261 0.342408
1.22744 0.348266
1.22878 0.354111
1.23012 0.359944
1.23146 0.365765
1.2328 0.371574
1.23414 0.377369
1.23548 0.383152
1.23682 0.388921
1.23816 0.394678
1.2395 0.40042
1.24084 0.406149
1.24218 0.411864
1.24352 0.417565
1.24486 0.423251
1.2462 0.428924
1.24754 0.434581
1.24888 0.440224
1.25022 0.445852
1.25156 0.451464
1.2529 0.457061
1.25424 0.462643
1.25558 0.468209
1.25692 0.473759
1.25826 0.479293
1.2596 0.484811
1.26094 0.490312
1.26228 0.495797
1.26362 0.501265
1.26496 0.506716
1.2663 0.51215
1.26764 0.517567
1.26898 0.522966
1.27032 0.528348
1.27166 0.533712
1.273 0.539058
1.27434 0.544386
1.27568 0.549696
1.27702 0.554988
1.27836 0.560261
1.2797 0.565515
1.28104 0.57075
1.28238 0.575967
1.28372 0.581164
1.28506 0.586342
1.2864 0.5915
1.28774 0.596639
1.28908 0.601758
1.29042 0.606857
1.29176 0.611936
1.2931 0.616995
1.29444 0.622033
1.29578 0.627051
1.29712 0.632049
1.29846 0.637025
1.2998 0.641981
1.30114 0.646915
1.30248 0.651828
1.30382 0.65672
1.30516 0.661591
1.3065 0.666439
1.30784 0.671267
1.30918 0.676072
1.31052 0.680855
1.31186 0.685616
1.3132 0.690355
1.31454 0.695071
1.31588 0.699765
1.31722 0.704436
1.31856 0.709084
1.3199 0.713709
1.32124 0.718312
1.32258 0.722891
1.32392 0.727447
1.32526 0.731979
1.3266 0.736488
1.32794 0.740973
1.32928 0.745435
1.33062 0.749873
1.33196 0.754286
1.3333 0.758676
1.33464 0.763041
1.33598 0.767382
1.33732 0.771699
1.33866 0.775991
1.34 0.780259
1.34134 0.784501
1.34268 0.788719
1.34402 0.792912
1.34536 0.79708
1.3467 0.801222
1.34804 0.80534
1.34938 0.809432
1.35072 0.813498
1.35206 0.817539
1.3534 0.821554
1.35474 0.825543
1.35608 0.829507
1.35742 0.833445
1.35876 0.837356
1.3601 0.841242
1.36144 0.845101
1.36278 0.848934
1.36412 0.85274
1.36546 0.85652
1.3668 0.860273
1.36814 0.864
1.36948 0.8677
1.37082 0.871373
1.37216 0.875019
1.3735 0.878638
1.37484 0.88223
1.37618 0.885794
1.37752 0.889332
1.37886 0.892842
1.3802 0.896325
1.38154 0.89978
1.38288 0.903208
1.38422 0.906608
1.38556 0.90998
1.3869 0.913325
1.38824 0.916641
1.38958 0.91993
1.39092 0.923191
1.39226 0.926423
1.3936 0.929628
1.39494 0.932804
1.39628 0.935952
1.39762 0.939072
1.39896 0.942163
1.4003 0.945226
1.40164 0.94826
1.40298 0.951266
1.40432 0.954243
1.40566 0.957191
1.407 0.96011
1.40834 0.963001
1.40968 0.965863
1.41102 0.968696
1.41236 0.971499
1.4137 0.974274
1.41504 0.97702
1.41638 0.979736
1.41772 0.982423
1.41906 0.985081
1.4204 0.987709
1.42174 0.990309
1.42308 0.992878
1.42442 0.995418
1.42576 0.997929
1.4271 1.00041
1.42844 1.00286
1.42978 1.00528
1.43112 1.00768
1.43246 1.01004
1.4338 1.01237
1.43514 1.01467
1.43648 1.01695
1.43782 1.01919
1.43916 1.0214
1.4405 1.02358
1.44184 1.02574
1.44318 1.02786
1.44452 1.02995
1.44586 1.03201
1.4472 1.03405
1.44854 1.03605
1.44988 1.03802
1.45122 1.03996
1.45256 1.04187
1.4539 1.04375
1.45524 1.0456
1.45658 1.04742
1.45792 1.04921
1.45926 1.05097
1.4606 1.05269
1.46194 1.05439
1.46328 1.05606
1.46462 1.05769
1.46596 1.0593
1.4673 1.06087
1.46864 1.06242
1.46998 1.06393
1.47132 1.06541
1.47266 1.06686
1.474 1.06829
1.47534 1.06968
1.47668 1.07103
1.47802 1.07236
1.47936 1.07366
1.4807 1.07492
1.48204 1.07616
1.48338 1.07736
1.48472 1.07854
1.48606 1.07968
1.4874 1.08079
1.48874 1.08187
1.49008 1.08292
1.49142 1.08394
1.49276 1.08492
1.4941 1.08588
1.49544 1.0868
1.49678 1.0877
1.49812 1.08856
1.49946 1.08939
1.5008 1.09019
1.50214 1.09096
1.50348 1.09169
1.50482 1.0924
1.50616 1.09307
1.5075 1.09372
1.50884 1.09433
1.51018 1.09491
1.51152 1.09546
1.51286 1.09598
1.5142 1.09646
1.51554 1.09692
1.51688 1.09734
1.51822 1.09774
1.51956 1.0981
1.5209 1.09843
1.52224 1.09872
1.52358 1.09899
1.52492 1.09923
1.52626 1.09943
1.5276 1.09961
1.52894 1.09975
1.53028 1.09986
1.53162 1.09994
1.53296 1.09998
1.5343 1.1
1.53564 1.09998
1.53698 1.09994
1.53832 1.09986
1.53966 1.09975
1.541 1.09961
1.54234 1.09944
1.54368 1.09923
1.54502 1.099
1.54636 1.09873
1.5477 1.09844
1.54904 1.09811
1.55038 1.09775
1.55172 1.09735
1.55306 1.09693
1.5544 1.09648
1.55574 1.09599
1.55708 1.09547
1.55842 1.09493
1.55976 1.09435
1.5611 1.09373
1.56244 1.09309
1.56378 1.09242
1.56512 1.09171
1.56646 1.09098
1.5678 1.09021
1.56914 1.08941
1.57048 1.08858
1.57182 1.08772
1.57316 1.08683
1.5745 1.08591
1.57584 1.08495
1.57718 1.08397
1.57852 1.08295
1.57986 1.0819
1.5812 1.08082
1.58254 1.07971
1.58388 1.07857
1.58522 1.0774
1.58656 1.07619
1.5879 1.07496
1.58924 1.0737
1.59058 1.0724
1.59192 1.07107
1.59326 1.06971
1.5946 1.06833
1.59594 1.06691
1.59728 1.06546
1.59862 1.06397
1.59996 1.06246
1.6013 1.06092
1.60264 1.05934
1.60398 1.05774
1.60532 1.05611
1.60666 1.05444
1.608 1.05274
1.60934 1.05102
1.61068 1.04926
1.61202 1.04747
1.61336 1.04565
1.6147 1.0438
1.61604 1.04192
1.61738 1.04001
1.61872 1.03807
1.62006 1.0361
1.6214 1.0341
1.62274 1.03207
1.62408 1.03001
1.62542 1.02792
1.62676 1.0258
1.6281 1.02365
1.62944 1.02146
1.63078 1.01925
1.63212 1.01701
1.63346 1.01474
1.6348 1.01244
1.63614 1.0101
1.63748 1.00774
1.63882 1.00535
1.64016 1.00293
1.6415 1.00048
1.64284 0.998
1.64418 0.995491
1.64552 0.992951
1.64686 0.990382
1.6482 0.987784
1.64954 0.985156
1.65088 0.982499
1.65222 0.979813
1.65356 0.977098
1.6549 0.974353
1.65624 0.971579
1.65758 0.968776
1.65892 0.965944
1.66026 0.963083
1.6616 0.960193
1.66294 0.957275
1.66428 0.954327
1.66562 0.951351
1.66696 0.948346
1.6683 0.945313
1.66964 0.942251
1.67098 0.939161
1.67232 0.936042
1.67366 0.932894
1.675 0.929719
1.67634 0.926515
1.67768 0.923283
1.67902 0.920024
1.68036 0.916736
1.6817 0.91342
1.68304 0.910076
1.68438 0.906704
1.68572 0.903305
1.68706 0.899878
1.6884 0.896424
1.68974 0.892942
1.69108 0.889433
1.69242 0.885896
1.69376 0.882332
1.6951 0.878741
1.69644 0.875122
1.69778 0.871477
1.69912 0.867805
1.70046 0.864106
1.7018 0.86038
1.70314 0.856627
1.70448 0.852848
1.70582 0.849043
1.70716 0.845211
1.7085 0.841352
1.70984 0.837468
1.71118 0.833557
1.71252 0.82962
1.71386 0.825657
1.7152 0.821668
1.71654 0.817654
1.71788 0.813614
1.71922 0.809548
1.72056 0.805457
1.7219 0.80134
1.72324 0.797198
1.72458 0.793031
1.72592 0.788839
1.72726 0.784622
1.7286 0.78038
1.72994 0.776113
1.73128 0.771822
1.73262 0.767506
1.73396 0.763166
1.7353 0.758801
1.73664 0.754412
1.73798 0.749999
1.73932 0.745562
1.74066 0.741101
1.742 0.736617
1.74334 0.732108
1.74468 0.727577
1.74602 0.723021
1.74736 0.718443
1.7487 0.713841
1.75004 0.709216
1.75138 0.704569
1.75272 0.699898
1.75406 0.695205
1.7554 0.69049
1.75674 0.685751
1.75808 0.680991
1.75942 0.676209
1.76076 0.671404
1.7621 0.666578
1.76344 0.661729
1.76478 0.65686
1.76612 0.651968
1.76746 0.647056
1.7688 0.642122
1.77014 0.637167
1.77148 0.632191
1.77282 0.627194
1.77416 0.622177
1.7755 0.617139
1.77684 0.612081
1.77818 0.607002
1.77952 0.601904
1.78086 0.596785
1.7822 0.591647
1.78354 0.586489
1.78488 0.581312
1.78622 0.576115
1.78756 0.5709
1.7889 0.565665
1.79024 0.560411
1.79158 0.555139
1.79292 0.549848
1.79426 0.544538
1.7956 0.539211
1.79694 0.533865
1.79828 0.528501
1.79962 0.52312
1.80096 0.517721
1.8023 0.512305
1.80364 0.506871
1.80498 0.501421
1.80632 0.495953
1.80766 0.490469
1.809 0.484968
1.81034 0.479451
1.81168 0.473917
1.81302 0.468368
1.81436 0.462802
1.8157 0.457221
1.81704 0.451624
1.81838 0.446012
1.81972 0.440385
1.82106 0.434743
1.8224 0.429085
1.82374 0.423414
1.82508 0.417728
1.82642 0.412027
1.82776 0.406312
1.8291 0.400584
1.83044 0.394842
1.83178 0.389086
1.83312 0.383317
1.83446 0.377535
1.8358 0.37174
1.83714 0.365932
1.83848 0.360111
1.83982 0.354278
1.84116 0.348433
1.8425 0.342576
1.84384 0.336706
1.84518 0.330826
1.84652 0.324934
1.84786 0.31903
1.8492 0.313116
1.85054 0.307191
1.85188 0.301255
1.85322 0.295309
1.85456 0.289352
1.8559 0.283385
1.85724 0.277409
1.85858 0.271423
1.85992 0.265427
1.86126 0.259423
1.8626 0.253409
1.86394 0.247386
1.86528 0.241355
1.86662 0.235316
1.86796 0.229268
1.8693 0.223212
1.87064 0.217148
1.87198 0.211077
1.87332 0.204999
1.87466 0.198913
1.876 0.19282
1.87734 0.186721
1.87868 0.180615
1.88002 0.174502
1.88136 0.168384
1.8827 0.16226
1.88404 0.15613
1.88538 0.149994
1.88672 0.143854
1.88806 0.137708
1.8894 0.131557
1.89074 0.125402
1.89208 0.119242
1.89342 0.113079
1.89476 0.106911
1.8961 0.100739
1.89744 0.0945643
1.89878 0.0883859
1.90012 0.0822045
1.90146 0.0760201
1.9028 0.069833
1.90414 0.0636435
1.90548 0.0574518
1.90682 0.051258
1.90816 0.0450624
1.9095 0.0388653
1.91084 0.0326668
1.91218 0.0264671
1.91352 0.0202665
1.91486 0.0140652
1.9162 0.00786337
1.91754 0.00166128
1.91888 -0.00454087
1.92022 -0.0107429
1.92156 -0.0169445
1.9229 -0.0231455
1.92424 -0.0293457
1.92558 -0.0355448
1.92692 -0.0417427
1.92826 -0.0479392
1.9296 -0.0541339
1.93094 -0.0603268
1.93228 -0.0665175
1.93362 -0.0727059
1.93496 -0.0788918
1.9363 -0.0850748
1.93764 -0.0912549
1.93898 -0.0974318
1.94032 -0.103605
1.94166 -0.109775
1.943 -0.115941
1.94434 -0.122103
1.94568 -0.12826
1.94702 -0.134414
1.94836 -0.140562
1.9497 -0.146705
1.95104 -0.152844
1.95238 -0.158977
1.95372 -0.165104
1.95506 -0.171225
1.9564 -0.177341
1.95774 -0.18345
1.95908 -0.189553
1.96042 -0.19565
1.96176 -0.201739
1.9631 -0.207822
1.96444 -0.213897
1.96578 -0.219965
1.96712 -0.226025
1.96846 -0.232077
1.9698 -0.238121
1.97114 -0.244156
1.97248 -0.250184
1.97382 -0.256202
1.97516 -0.262212
1.9765 -0.268212
1.97784 -0.274203
1.97918 -0.280185
1.98052 -0.286157
1.98186 -0.292119
1.9832 -0.298071
1.98454 -0.304012
1.98588 -0.309943
1.98722 -0.315863
1.98856 -0.321773
1.9899 -0.327671
1.99124 -0.333558
1.99258 -0.339433
1.99392 -0.345296
1.99526 -0.351148
1.9966 -0.356988
1.99794 -0.362815
1.99928 -0.36863
2.00062 -0.374432
2.00196 -0.380221
2.0033 -0.385997
2.00464 -0.39176
2.00598 -0.39751
2.00732 -0.403245
2.00866 -0.408967
2.01 -0.414676
2.01134 -0.420369
2.01268 -0.426049
2.01402 -0.431714
2.01536 -0.437364
2.0167 -0.442999
2.01804 -0.44862
2.01938 -0.454225
2.02072 -0.459814
2.02206 -0.465388
2.0234 -0.470946
2.02474 -0.476488
2.02608 -0.482014
2.02742 -0.487524
2.02876 -0.493017
2.0301 -0.498494
2.03144 -0.503954
2.03278 -0.509396
2.03412 -0.514822
2.03546 -0.52023
2.0368 -0.525621
2.03814 -0.530994
2.03948 -0.536349
2.04082 -0.541686
2.04216 -0.547006
2.0435 -0.552306
2.04484 -0.557589
2.04618 -0.562853
2.04752 -0.568098
2.04886 -0.573324
2.0502 -0.578531
2.05154 -0.583718
2.05288 -0.588887
2.05422 -0.594035
2.05556 -0.599164
2.0569 -0.604274
2.05824 -0.609363
2.05958 -0.614432
2.06092 -0.619481
2.06226 -0.624509
2.0636 -0.629517
2.06494 -0.634504
2.06628 -0.63947
2.06762 -0.644415
2.06896 -0.649339
2.0703 -0.654242
2.07164 -0.659123
2.07298 -0.663983
2.07432 -0.668821
2.07566 -0.673638
2.077 -0.678432
2.07834 -0.683204
2.07968 -0.687954
2.08102 -0.692682
2.08236 -0.697387
2.0837 -0.70207
2.08504 -0.706729
2.08638 -0.711366
2.08772 -0.715981
2.08906 -0.720571
2.0904 -0.725139
2.09174 -0.729684
2.09308 -0.734204
2.09442 -0.738702
2.09576 -0.743175
2.0971 -0.747625
2.09844 -0.752051
2.09978 -0.756453
2.10112 -0.760831
2.10246 -0.765184
2.1038 -0.769513
2.10514 -0.773818
2.10648 -0.778098
2.10782 -0.782353
2.10916 -0.786583
2.1105 -0.790789
2.11184 -0.794969
2.11318 -0.799125
2.11452 -0.803255
2.11586 -0.80736
2.1172 -0.811439
2.11854 -0.815493
2.11988 -0.819521
2.12122 -0.823524
2.12256 -0.8275
2.1239 -0.831451
2.12524 -0.835376
2.12658 -0.839274
2.12792 -0.843147
2.12926 -0.846993
2.1306 -0.850813
2.13194 -0.854606
2.13328 -0.858373
2.13462 -0.862113
2.13596 -0.865827
2.1373 -0.869513
2.13864 -0.873173
2.13998 -0.876806
2.14132 -0.880411
2.14266 -0.88399
2.144 -0.887541
2.14534 -0.891065
2.14668 -0.894562
2.14802 -0.898031
2.14936 -0.901473
2.1507 -0.904887
2.15204 -0.908273
2.15338 -0.911632
2.15472 -0.914963
2.15606 -0.918266
2.1574 -0.921541
2.15874 -0.924787
2.16008 -0.928006
2.16142 -0.931197
2.16276 -0.934359
2.1641 -0.937493
2.16544 -0.940599
2.16678 -0.943676
2.16812 -0.946725
2.16946 -0.949745
2.1708 -0.952737
2.17214 -0.955699
2.17348 -0.958633
2.17482 -0.961539
2.17616 -0.964415
2.1775 -0.967263
2.17884 -0.970081
2.18018 -0.972871
2.18152 -0.975631
2.18286 -0.978362
2.1842 -0.981064
2.18554 -0.983737
2.18688 -0.98638
2.18822 -0.988994
2.18956 -0.991579
2.1909 -0.994134
2.19224 -0.99666
2.19358 -0.999156
2.19492 -1.00162
2.19626 -1.00406
2.1976 -1.00647
2.19894 -1.00884
2.20028 -1.01119
2.20162 -1.01351
2.20296 -1.0158
2.2043 -1.01805
2.20564 -1.02028
2.20698 -1.02248
2.20832 -1.02465
2.20966 -1.02679
2.211 -1.02889
2.21234 -1.03097
2.21368 -1.03302
2.21502 -1.03504
2.21636 -1.03702
2.2177 -1.03898
2.21904 -1.0409
2.22038 -1.0428
2.22172 -1.04467
2.22306 -1.0465
2.2244 -1.04831
2.22574 -1.05008
2.22708 -1.05182
2.22842 -1.05353
2.22976 -1.05522
2.2311 -1.05687
2.23244 -1.05849
2.23378 -1.06008
2.23512 -1.06164
2.23646 -1.06317
2.2378 -1.06467
2.23914 -1.06613
2.24048 -1.06757
2.24182 -1.06897
2.24316 -1.07035
2.2445 -1.07169
2.24584 -1.073
2.24718 -1.07429
2.24852 -1.07554
2.24986 -1.07676
2.2512 -1.07795
2.25254 -1.0791
2.25388 -1.08023
2.25522 -1.08133
2.25656 -1.08239
2.2579 -1.08342
2.25924 -1.08443
2.26058 -1.0854
2.26192 -1.08634
2.26326 -1.08725
2.2646 -1.08812
2.26594 -1.08897
2.26728 -1.08979
2.26862 -1.09057
2.26996 -1.09132
2.2713 -1.09204
2.27264 -1.09274
2.27398 -1.09339
2.27532 -1.09402
2.27666 -1.09462
2.278 -1.09518
2.27934 -1.09572
2.28068 -1.09622
2.28202 -1.09669
2.28336 -1.09713
2.2847 -1.09754
2.28604 -1.09792
2.28738 -1.09826
2.28872 -1.09858
2.29006 -1.09886
2.2914 -1.09911
2.29274 -1.09933
2.29408 -1.09952
2.29542 -1.09968
2.29676 -1.09981
2.2981 -1.0999
2.29944 -1.09996
2.30078 -1.1
2.30212 -1.1
2.30346 -1.09997
2.3048 -1.0999
2.30614 -1.09981
2.30748 -1.09969
2.30882 -1.09953
2.31016 -1.09934
2.3115 -1.09912
2.31284 -1.09887
2.31418 -1.09859
2.31552 -1.09828
2.31686 -1.09793
2.3182 -1.09756
2.31954 -1.09715
2.32088 -1.09671
2.32222 -1.09624
2.32356 -1.09574
2.3249 -1.09521
2.32624 -1.09464
2.32758 -1.09405
2.32892 -1.09342
2.33026 -1.09276
2.3316 -1.09208
2.33294 -1.09135
2.33428 -1.0906
2.33562 -1.08982
2.33696 -1.08901
2.3383 -1.08816
2.33964 -1.08729
2.34098 -1.08638
2.34232 -1.08544
2.34366 -1.08447
2.345 -1.08347
2.34634 -1.08244
2.34768 -1.08137
2.34902 -1.08028
2.35036 -1.07915
2.3517 -1.078
2.35304 -1.07681
2.35438 -1.07559
2.35572 -1.07434
2.35706 -1.07306
2.3584 -1.07175
2.35974 -1.07041
2.36108 -1.06903
2.36242 -1.06763
2.36376 -1.06619
2.3651 -1.06473
2.36644 -1.06323
2.36778 -1.06171
2.36912 -1.06015
2.37046 -1.05856
2.3718 -1.05694
2.37314 -1.05529
2.37448 -1.05361
2.37582 -1.0519
2.37716 -1.05015
2.3785 -1.04838
2.37984 -1.04658
2.38118 -1.04475
2.38252 -1.04288
2.38386 -1.04099
2.3852 -1.03906
2.38654 -1.03711
2.38788 -1.03512
2.38922 -1.03311
2.39056 -1.03106
2.3919 -1.02898
2.39324 -1.02688
2.39458 -1.02474
2.39592 -1.02257
2.39726 -1.02038
2.3986 -1.01815
2.39994 -1.01589
2.40128 -1.01361
2.40262 -1.01129
2.40396 -1.00894
2.4053 -1.00657
2.40664 -1.00416
2.40798 -1.00173
2.40932 -0.999262
2.41066 -0.996767
2.412 -0.994243
2.41334 -0.991689
2.41468 -0.989106
2.41602 -0.986493
2.41736 -0.983851
2.4187 -0.981179
2.42004 -0.978478
2.42138 -0.975749
2.42272 -0.972989
2.42406 -0.970201
2.4254 -0.967384
2.42674 -0.964538
2.42808 -0.961663
2.42942 -0.958759
2.43076 -0.955826
2.4321 -0.952864
2.43344 -0.949874
2.43478 -0.946855
2.43612 -0.943807
2.43746 -0.940731
2.4388 -0.937627
2.44014 -0.934494
2.44148 -0.931333
2.44282 -0.928144
2.44416 -0.924926
2.4455 -0.92168
2.44684 -0.918407
2.44818 -0.915105
2.44952 -0.911775
2.45086 -0.908418
2.4522 -0.905033
2.45354 -0.90162
2.45488 -0.898179
2.45622 -0.894711
2.45756 -0.891216
2.4589 -0.887693
2.46024 -0.884143
2.46158 -0.880565
2.46292 -0.876961
2.46426 -0.873329
2.4656 -0.869671
2.46694 -0.865985
2.46828 -0.862273
2.46962 -0.858534
2.47096 -0.854768
2.4723 -0.850976
2.47364 -0.847157
2.47498 -0.843312
2.47632 -0.839441
2.47766 -0.835543
2.479 -0.83162
2.48034 -0.82767
2.48168 -0.823695
2.48302 -0.819693
2.48436 -0.815666
2.4857 -0.811613
2.48704 -0.807535
2.48838 -0.803431
2.48972 -0.799302
2.49106 -0.795148
2.4924 -0.790968
2.49374 -0.786764
2.49508 -0.782535
2.49642 -0.77828
2.49776 -0.774002
2.4991 -0.769698
2.50044 -0.76537
2.50178 -0.761018
2.50312 -0.756641
2.50446 -0.75224
2.5058 -0.747815
2.50714 -0.743367
2.50848 -0.738894
2.50982 -0.734398
2.51116 -0.729878
2.5125 -0.725334
2.51384 -0.720768
2.51518 -0.716178
2.51652 -0.711565
2.51786 -0.706929
2.5192 -0.70227
2.52054 -0.697588
2.52188 -0.692884
2.52322 -0.688157
2.52456 -0.683408
2.5259 -0.678637
2.52724 -0.673844
2.52858 -0.669028
2.52992 -0.664191
2.53126 -0.659332
2.5326 -0.654452
2.53394 -0.64955
2.53528 -0.644627
2.53662 -0.639682
2.53796 -0.634717
2.5393 -0.629731
2.54064 -0.624724
2.54198 -0.619697
2.54332 -0.614649
2.54466 -0.609581
2.546 -0.604492
2.54734 -0.599384
2.54868 -0.594256
2.55002 -0.589108
2.55136 -0.58394
2.5527 -0.578753
2.55404 -0.573547
2.55538 -0.568322
2.55672 -0.563078
2.55806 -0.557815
2.5594 -0.552533
2.56074 -0.547233
2.56208 -0.541915
2.56342 -0.536578
2.56476 -0.531224
2.5661 -0.525852
2.56744 -0.520462
2.56878 -0.515054
2.57012 -0.509629
2.57146 -0.504187
2.5728 -0.498728
2.57414 -0.493252
2.57548 -0.48776
2.57682 -0.482251
2.57816 -0.476726
2.5795 -0.471184
2.58084 -0.465627
2.58218 -0.460053
2.58352 -0.454465
2.58486 -0.44886
2.5862 -0.443241
2.58754 -0.437606
2.58888 -0.431956
2.59022 -0.426292
2.59156 -0.420613
2.5929 -0.41492
2.59424 -0.409212
2.59558 -0.403491
2.59692 -0.397756
2.59826 -0.392007
2.5996 -0.386245
2.60094 -0.380469
2.60228 -0.37468
2.60362 -0.368879
2.60496 -0.363064
2.6063 -0.357238
2.60764 -0.351399
2.60898 -0.345548
2.61032 -0.339684
2.61166 -0.33381
2.613 -0.327923
2.61434 -0.322026
2.61568 -0.316117
2.61702 -0.310197
2.61836 -0.304267
2.6197 -0.298326
2.62104 -0.292374
2.62238 -0.286413
2.62372 -0.280441
2.62506 -0.27446
2.6264 -0.268469
2.62774 -0.262469
2.62908 -0.25646
2.63042 -0.250442
2.63176 -0.244415
2.6331 -0.23838
2.63444 -0.232336
2.63578 -0.226284
2.63712 -0.220224
2.63846 -0.214157
2.6398 -0.208082
2.64114 -0.202
2.64248 -0.195911
2.64382 -0.189815
2.64516 -0.183712
2.6465 -0.177603
2.64784 -0.171488
2.64918 -0.165366
2.65052 -0.159239
2.65186 -0.153107
2.6532 -0.146969
2.65454 -0.140825
2.65588 -0.134677
2.65722 -0.128524
2.65856 -0.122367
2.6599 -0.116205
2.66124 -0.110039
2.66258 -0.10387
2.66392 -0.0976965
2.66526 -0.0915197
2.6666 -0.0853398
2.66794 -0.0791569
2.66928 -0.0729711
2.67062 -0.0667828
2.67196 -0.0605922
2.6733 -0.0543994
2.67464 -0.0482048
2.67598 -0.0420084
2.67732 -0.0358105
2.67866 -0.0296114
2.68 -0.0234113
2.68134 -0.0172103
2.68268 -0.0110087
2.68402 -0.00480671
2.68536 0.00139543
2.6867 0.00759752
2.68804 0.0137994
2.68938 0.0200007
2.69072 0.0262013
2.69206 0.032401
2.6934 0.0385996
2.69474 0.0447968
2.69608 0.0509925
2.69742 0.0571863
2.69876 0.0633782
2.7001 0.0695678
2.70144 0.0757549
2.70278 0.0819394
2.70412 0.088121
2.70546 0.0942996
2.7068 0.100475
2.70814 0.106646
2.70948 0.112814
2.71082 0.118978
2.71216 0.125138
2.7135 0.131294
2.71484 0.137444
2.71618 0.14359
2.71752 0.149731
2.71886 0.155867
2.7202 0.161997
2.72154 0.168122
2.72288 0.17424
2.72422 0.180353
2.72556 0.186459
2.7269 0.192559
2.72824 0.198652
2.72958 0.204738
2.73092 0.210817
2.73226 0.216888
2.7336 0.222952
2.73494 0.229008
2.73628 0.235056
2.73762 0.241096
2.73896 0.247128
2.7403 0.253151
2.74164 0.259165
2.74298 0.26517
2.74432 0.271166
2.74566 0.277153
2.747 0.283129
2.74834 0.289096
2.74968 0.295053
2.75102 0.301
2.75236 0.306937
2.7537 0.312862
2.75504 0.318777
2.75638 0.324681
2.75772 0.330573
2.75906 0.336455
2.7604 0.342324
2.76174 0.348182
2.76308 0.354028
2.76442 0.359861
2.76576 0.365682
2.7671 0.371491
2.76844 0.377287
2.76978 0.383069
2.77112 0.388839
2.77246 0.394595
2.7738 0.400338
2.77514 0.406067
2.77648 0.411782
2.77782 0.417484
2.77916 0.42317
2.7805 0.428843
2.78184 0.4345
2.78318 0.440143
2.78452 0.445771
2.78586 0.451384
2.7872 0.456981
2.78854 0.462563
2.78988 0.468129
2.79122 0.47368
2.79256 0.479214
2.7939 0.484732
2.79524 0.490233
2.79658 0.495718
2.79792 0.501187
2.79926 0.506638
2.8006 0.512072
2.80194 0.517489
2.80328 0.522889
2.80462 0.528271
2.80596 0.533636
2.8073 0.538982
2.80864 0.54431
2.80998 0.54962
2.81132 0.554912
2.81266 0.560185
2.814 0.56544
2.81534 0.570676
2.81668 0.575892
2.81802 0.58109
2.81936 0.586268
2.8207 0.591427
2.82204 0.596566
2.82338 0.601685
2.82472 0.606784
2.82606 0.611864
2.8274 0.616923
2.82874 0.621961
2.83008 0.62698
2.83142 0.631977
2.83276 0.636954
2.8341 0.64191
2.83544 0.646845
2.83678 0.651758
2.83812 0.65665
2.83946 0.661521
2.8408 0.66637
2.84214 0.671198
2.84348 0.676003
2.84482 0.680787
2.84616 0.685548
2.8475 0.690287
2.84884 0.695004
2.85018 0.699698
2.85152 0.704369
2.85286 0.709018
2.8542 0.713643
2.85554 0.718246
2.85688 0.722826
2.85822 0.727382
2.85956 0.731915
2.8609 0.736424
2.86224 0.74091
2.86358 0.745371
2.86492 0.74981
2.86626 0.754224
2.8676 0.758614
2.86894 0.762979
2.87028 0.767321
2.87162 0.771638
2.87296 0.77593
2.8743 0.780198
2.87564 0.784441
2.87698 0.788659
2.87832 0.792852
2.87966 0.79702
2.881 0.801163
2.88234 0.805281
2.88368 0.809373
2.88502 0.81344
2.88636 0.817481
2.8877 0.821497
2.88904 0.825487
2.89038 0.829451
2.89172 0.833389
2.89306 0.837301
2.8944 0.841186
2.89574 0.845046
2.89708 0.848879
2.89842 0.852686
2.89976 0.856466
2.9011 0.86022
2.90244 0.863947
2.90378 0.867647
2.90512 0.87132
2.90646 0.874967
2.9078 0.878586
2.90914 0.882179
2.91048 0.885744
2.91182 0.889282
2.91316 0.892792
2.9145 0.896275
2.91584 0.899731
2.91718 0.903159
2.91852 0.906559
2.91986 0.909932
2.9212 0.913277
2.92254 0.916594
2.92388 0.919883
2.92522 0.923144
2.92656 0.926377
2.9279 0.929582
2.92924 0.932759
2.93058 0.935907
2.93192 0.939028
2.93326 0.942119
2.9346 0.945182
2.93594 0.948217
2.93728 0.951223
2.93862 0.9542
2.93996 0.957149
2.9413 0.960069
2.94264 0.96296
2.94398 0.965822
2.94532 0.968655
2.94666 0.97146
2.948 0.974235
2.94934 0.976981
2.95068 0.979697
2.95202 0.982385
2.95336 0.985043
2.9547 0.987672
2.95604 0.990272
2.95738 0.992842
2.95872 0.995382
2.96006 0.997894
2.9614 1.00038
2.96274 1.00283
2.96408 1.00525
2.96542 1.00764
2.96676 1.01
2.9681 1.01234
2.96944 1.01464
2.97078 1.01691
2.97212 1.01916
2.97346 1.02137
2.9748 1.02355
2.97614 1.02571
2.97748 1.02783
2.97882 1.02992
2.98016 1.03198
2.9815 1.03402
2.98284 1.03602
2.98418 1.03799
2.98552 1.03993
2.98686 1.04184
2.9882 1.04372
2.98954 1.04557
2.99088 1.04739
2.99222 1.04918
2.99356 1.05094
2.9949 1.05267
2.99624 1.05437
2.99758 1.05603
2.99892 1.05767
3.00026 1.05928
3.0016 1.06085
3.00294 1.0624
3.00428 1.06391
3.00562 1.06539
3.00696 1.06684
3.0083 1.06827
3.00964 1.06966
3.01098 1.07101
3.01232 1.07234
3.01366 1.07364
3.015 1.07491
3.01634 1.07614
3.01768 1.07735
3.01902 1.07852
3.02036 1.07966
3.0217 1.08077
3.02304 1.08185
3.02438 1.0829
3.02572 1.08392
3.02706 1.08491
3.0284 1.08587
3.02974 1.08679
3.03108 1.08768
3.03242 1.08855
3.03376 1.08938
3.0351 1.09018
3.03644 1.09095
3.03778 1.09168
3.03912 1.09239
3.04046 1.09306
3.0418 1.09371
3.04314 1.09432
3.04448 1.0949
3.04582 1.09545
3.04716 1.09597
3.0485 1.09646
3.04984 1.09691
3.05118 1.09734
3.05252 1.09773
3.05386 1.09809
3.0552 1.09842
3.05654 1.09872
3.05788 1.09899
3.05922 1.09923
3.06056 1.09943
3.0619 1.0996
3.06324 1.09975
3.06458 1.09986
3.06592 1.09994
3.06726 1.09998
3.0686 1.1
3.06994 1.09999
3.07128 1.09994
3.07262 1.09986
3.07396 1.09975
3.0753 1.09961
3.07664 1.09944
3.07798 1.09924
3.07932 1.099
3.08066 1.09874
3.082 1.09844
3.08334 1.09811
3.08468 1.09775
3.08602 1.09736
3.08736 1.09694
3.0887 1.09648
3.09004 1.096
3.09138 1.09548
3.09272 1.09493
3.09406 1.09435
3.0954 1.09374
3.09674 1.0931
3.09808 1.09243
3.09942 1.09172
3.10076 1.09099
3.1021 1.09022
3.10344 1.08942
3.10478 1.08859
3.10612 1.08773
3.10746 1.08684
3.1088 1.08592
3.11014 1.08496
3.11148 1.08398
3.11282 1.08296
3.11416 1.08192
3.1155 1.08084
3.11684 1.07973
3.11818 1.07859
3.11952 1.07742
3.12086 1.07621
3.1222 1.07498
3.12354 1.07371
3.12488 1.07242
3.12622 1.07109
3.12756 1.06973
3.1289 1.06835
3.13024 1.06693
3.13158 1.06548
3.13292 1.064
3.13426 1.06248
3.1356 1.06094
3.13694 1.05937
3.13828 1.05776
3.13962 1.05613
3.14096 1.05446
3.1423 1.05277
3.14364 1.05104
3.14498 1.04928
3.14632 1.0475
3.14766 1.04568
3.149 1.04383
3.15034 1.04195
3.15168 1.04004
3.15302 1.0381
3.15436 1.03613
3.1557 1.03413
3.15704 1.0321
3.15838 1.03004
3.15972 1.02795
3.16106 1.02583
3.1624 1.02368
3.16374 1.0215
3.16508 1.01928
3.16642 1.01704
3.16776 1.01477
3.1691 1.01247
3.17044 1.01014
3.17178 1.00778
3.17312 1.00539
3.17446 1.00297
3.1758 1.00052
3.17714 0.998036
3.17848 0.995527
3.17982 0.992988
3.18116 0.99042
3.1825 0.987822
3.18384 0.985194
3.18518 0.982538
3.18652 0.979852
3.18786 0.977137
3.1892 0.974392
3.19054 0.971619
3.19188 0.968817
3.19322 0.965985
3.19456 0.963125
3.1959 0.960235
3.19724 0.957317
3.19858 0.95437
3.19992 0.951394
3.20126 0.94839
3.2026 0.945357
3.20394 0.942295
3.20528 0.939205
3.20662 0.936087
3.20796 0.93294
3.2093 0.929765
3.21064 0.926561
3.21198 0.92333
3.21332 0.92007
3.21466 0.916783
3.216 0.913467
3.21734 0.910124
3.21868 0.906753
3.22002 0.903354
3.22136 0.899928
3.2227 0.896474
3.22404 0.892992
3.22538 0.889483
3.22672 0.885947
3.22806 0.882383
3.2294 0.878792
3.23074 0.875174
3.23208 0.87153
3.23342 0.867858
3.23476 0.864159
3.2361 0.860434
3.23744 0.856681
3.23878 0.852903
3.24012 0.849097
3.24146 0.845266
3.2428 0.841408
3.24414 0.837523
3.24548 0.833613
3.24682 0.829677
3.24816 0.825714
3.2495 0.821726
3.25084 0.817712
3.25218 0.813672
3.25352 0.809607
3.25486 0.805516
3.2562 0.801399
3.25754 0.797258
3.25888 0.793091
3.26022 0.7889
3.26156 0.784683
3.2629 0.780441
3.26424 0.776175
3.26558 0.771884
3.26692 0.767568
3.26826 0.763228
3.2696 0.758864
3.27094 0.754475
3.27228 0.750063
3.27362 0.745626
3.27496 0.741165
3.2763 0.736681
3.27764 0.732173
3.27898 0.727642
3.28032 0.723087
3.28166 0.718509
3.283 0.713907
3.28434 0.709283
3.28568 0.704636
3.28702 0.699965
3.28836 0.695273
3.2897 0.690557
3.29104 0.68582
3.29238 0.68106
3.29372 0.676277
3.29506 0.671473
3.2964 0.666647
3.29774 0.661799
3.29908 0.65693
3.30042 0.652039
3.30176 0.647126
3.3031 0.642193
3.30444 0.637238
3.30578 0.632262
3.30712 0.627266
3.30846 0.622249
3.3098 0.617211
3.31114 0.612153
3.31248 0.607075
3.31382 0.601977
3.31516 0.596859
3.3165 0.591721
3.31784 0.586563
3.31918 0.581386
3.32052 0.57619
3.32186 0.570974
3.3232 0.56574
3.32454 0.560486
3.32588 0.555214
3.32722 0.549924
3.32856 0.544614
3.3299 0.539287
3.33124 0.533942
3.33258 0.528578
3.33392 0.523197
3.33526 0.517799
3.3366 0.512383
3.33794 0.506949
3.33928 0.501499
3.34062 0.496032
3.34196 0.490548
3.3433 0.485047
3.34464 0.47953
3.34598 0.473997
3.34732 0.468447
3.34866 0.462882
3.35 0.457301
3.35134 0.451704
3.35268 0.446093
3.35402 0.440466
3.35536 0.434823
3.3567 0.429167
3.35804 0.423495
3.35938 0.417809
3.36072 0.412109
3.36206 0.406394
3.3634 0.400666
3.36474 0.394924
3.36608 0.389169
3.36742 0.3834
3.36876 0.377618
3.3701 0.371823
3.37144 0.366015
3.37278 0.360194
3.37412 0.354362
3.37546 0.348517
3.3768 0.342659
3.37814 0.336791
3.37948 0.33091
3.38082 0.325018
3.38216 0.319115
3.3835 0.313201
3.38484 0.307276
3.38618 0.30134
3.38752 0.295394
3.38886 0.289437
3.3902 0.283471
3.39154 0.277495
3.39288 0.271509
3.39422 0.265513
3.39556 0.259509
3.3969 0.253495
3.39824 0.247473
3.39958 0.241442
3.40092 0.235402
3.40226 0.229354
3.4036 0.223299
3.40494 0.217235
3.40628 0.211164
3.40762 0.205086
3.40896 0.199
3.4103 0.192907
3.41164 0.186808
3.41298 0.180702
3.41432 0.17459
3.41566 0.168472
3.417 0.162347
3.41834 0.156218
3.41968 0.150082
3.42102 0.143942
3.42236 0.137796
3.4237 0.131645
3.42504 0.12549
3.42638 0.119331
3.42772 0.113167
3.42906 0.106999
3.4304 0.100828
3.43174 0.0946528
3.43308 0.0884744
3.43442 0.082293
3.43576 0.0761086
3.4371 0.0699216
3.43844 0.0637321
3.43978 0.0575404
3.44112 0.0513467
3.44246 0.0451511
3.4438 0.038954
3.44514 0.0327555
3.44648 0.0265559
3.44782 0.0203553
3.44916 0.014154
3.4505 0.00795215
3.45184 0.00175006
3.45318 -0.00445208
3.45452 -0.0106541
3.45586 -0.0168557
3.4572 -0.0230567
3.45854 -0.0292569
3.45988 -0.0354561
3.46122 -0.041654
3.46256 -0.0478505
3.4639 -0.0540453
3.46524 -0.0602382
3.46658 -0.0664289
3.46792 -0.0726174
3.46926 -0.0788032
3.4706 -0.0849863
3.47194 -0.0911665
3.47328 -0.0973434
3.47462 -0.103517
3.47596 -0.109687
3.4773 -0.115853
3.47864 -0.122015
3.47998 -0.128172
3.48132 -0.134325
3.48266 -0.140474
3.484 -0.146617
3.48534 -0.152756
3.48668 -0.158889
3.48802 -0.165016
3.48936 -0.171138
3.4907 -0.177254
3.49204 -0.183363
3.49338 -0.189466
3.49472 -0.195563
3.49606 -0.201652
3.4974 -0.207735
3.49874 -0.21381
3.50008 -0.219878
3.50142 -0.225938
3.50276 -0.23199
3.5041 -0.238034
3.50544 -0.24407
3.50678 -0.250097
3.50812 -0.256116
3.50946 -0.262126
3.5108 -0.268126
3.51214 -0.274118
3.51348 -0.280099
3.51482 -0.286072
3.51616 -0.292034
3.5175 -0.297986
3.51884 -0.303927
3.52018 -0.309858
3.52152 -0.315779
3.52286 -0.321688
3.5242 -0.327586
3.52554 -0.333473
3.52688 -0.339349
3.52822 -0.345213
3.52956 -0.351064
3.5309 -0.356904
3.53224 -0.362732
3.53358 -0.368547
3.53492 -0.374349
3.53626 -0.380138
3.5376 -0.385915
3.53894 -0.391678
3.54028 -0.397427
3.54162 -0.403163
3.54296 -0.408886
3.5443 -0.414594
3.54564 -0.420288
3.54698 -0.425968
3.54832 -0.431633
3.54966 -0.437283
3.551 -0.442919
3.55234 -0.448539
3.55368 -0.454145
3.55502 -0.459734
3.55636 -0.465308
3.5577 -0.470867
3.55904 -0.476409
3.56038 -0.481935
3.56172 -0.487445
3.56306 -0.492939
3.5644 -0.498416
3.56574 -0.503876
3.56708 -0.509319
3.56842 -0.514744
3.56976 -0.520153
3.5711 -0.525544
3.57244 -0.530917
3.57378 -0.536273
3.57512 -0.54161
3.57646 -0.54693
3.5778 -0.552231
3.57914 -0.557513
3.58048 -0.562777
3.58182 -0.568023
3.58316 -0.573249
3.5845 -0.578456
3.58584 -0.583644
3.58718 -0.588813
3.58852 -0.593962
3.58986 -0.599091
3.5912 -0.604201
3.59254 -0.60929
3.59388 -0.61436
3.59522 -0.619409
3.59656 -0.624437
3.5979 -0.629445
3.59924 -0.634433
3.60058 -0.639399
3.60192 -0.644345
3.60326 -0.649269
3.6046 -0.654172
3.60594 -0.659054
3.60728 -0.663914
3.60862 -0.668752
3.60996 -0.673569
3.6113 -0.678363
3.61264 -0.683136
3.61398 -0.687886
3.61532 -0.692614
3.61666 -0.69732
3.618 -0.702003
3.61934 -0.706663
3.62068 -0.7113
3.62202 -0.715915
3.62336 -0.720506
3.6247 -0.725074
3.62604 -0.729619
3.62738 -0.73414
3.62872 -0.738638
3.63006 -0.743112
3.6314 -0.747562
3.63274 -0.751988
3.63408 -0.75639
3.63542 -0.760768
3.63676 -0.765122
3.6381 -0.769451
3.63944 -0.773756
3.64078 -0.778037
3.64212 -0.782292
3.64346 -0.786523
3.6448 -0.790729
3.64614 -0.79491
3.64748 -0.799065
3.64882 -0.803196
3.65016 -0.807301
3.6515 -0.811381
3.65284 -0.815435
3.65418 -0.819464
3.65552 -0.823467
3.65686 -0.827444
3.6582 -0.831395
3.65954 -0.83532
3.66088 -0.839219
3.66222 -0.843092
3.66356 -0.846938
3.6649 -0.850758
3.66624 -0.854552
3.66758 -0.858319
3.66892 -0.86206
3.67026 -0.865774
3.6716 -0.869461
3.67294 -0.873121
3.67428 -0.876754
3.67562 -0.88036
3.67696 -0.883939
3.6783 -0.887491
3.67964 -0.891015
3.68098 -0.894512
3.68232 -0.897982
3.68366 -0.901424
3.685 -0.904838
3.68634 -0.908225
3.68768 -0.911584
3.68902 -0.914915
3.69036 -0.918219
3.6917 -0.921494
3.69304 -0.924741
3.69438 -0.927961
3.69572 -0.931152
3.69706 -0.934314
3.6984 -0.937449
3.69974 -0.940555
3.70108 -0.943632
3.70242 -0.946682
3.70376 -0.949702
3.7051 -0.952694
3.70644 -0.955657
3.70778 -0.958592
3.70912 -0.961497
3.71046 -0.964374
3.7118 -0.967222
3.71314 -0.970041
3.71448 -0.972831
3.71582 -0.975592
3.71716 -0.978323
3.7185 -0.981026
3.71984 -0.983699
3.72118 -0.986343
3.72252 -0.988957
3.72386 -0.991542
3.7252 -0.994098
3.72654 -0.996624
3.72788 -0.99912
3.72922 -1.00159
3.73056 -1.00402
3.7319 -1.00643
3.73324 -1.00881
3.73458 -1.01116
3.73592 -1.01348
3.73726 -1.01576
3.7386 -1.01802
3.73994 -1.02025
3.74128 -1.02245
3.74262 -1.02462
3.74396 -1.02676
3.7453 -1.02886
3.74664 -1.03094
3.74798 -1.03299
3.74932 -1.03501
3.75066 -1.03699
3.752 -1.03895
3.75334 -1.04088
3.75468 -1.04277
3.75602 -1.04464
3.75736 -1.04647
3.7587 -1.04828
3.76004 -1.05005
3.76138 -1.0518
3.76272 -1.05351
3.76406 -1.05519
3.7654 -1.05685
3.76674 -1.05847
3.76808 -1.06006
3.76942 -1.06162
3.77076 -1.06315
3.7721 -1.06464
3.77344 -1.06611
3.77478 -1.06755
3.77612 -1.06895
3.77746 -1.07033
3.7788 -1.07167
3.78014 -1.07299
3.78148 -1.07427
3.78282 -1.07552
3.78416 -1.07674
3.7855 -1.07793
3.78684 -1.07909
3.78818 -1.08021
3.78952 -1.08131
3.79086 -1.08238
3.7922 -1.08341
3.79354 -1.08441
3.79488 -1.08538
3.79622 -1.08632
3.79756 -1.08723
3.7989 -1.08811
3.80024 -1.08896
3.80158 -1.08978
3.80292 -1.09056
3.80426 -1.09131
3.8056 -1.09204
3.80694 -1.09273
3.80828 -1.09339
3.80962 -1.09401
3.81096 -1.09461
3.8123 -1.09518
3.81364 -1.09571
3.81498 -1.09621
3.81632 -1.09669
3.81766 -1.09713
3.819 -1.09753
3.82034 -1.09791
3.82168 -1.09826
3.82302 -1.09857
3.82436 -1.09886
3.8257 -1.09911
3.82704 -1.09933
3.82838 -1.09952
3.82972 -1.09968
3.83106 -1.0998
3.8324 -1.0999
3.83374 -1.09996
3.83508 -1.1
3.83642 -1.1
3.83776 -1.09997
3.8391 -1.09991
3.84044 -1.09981
3.84178 -1.09969
3.84312 -1.09953
3.84446 -1.09934
3.8458 -1.09913
3.84714 -1.09888
3.84848 -1.09859
3.84982 -1.09828
3.85116 -1.09794
3.8525 -1.09756
3.85384 -1.09716
3.85518 -1.09672
3.85652 -1.09625
3.85786 -1.09575
3.8592 -1.09522
3.86054 -1.09465
3.86188 -1.09406
3.86322 -1.09343
3.86456 -1.09277
3.8659 -1.09209
3.86724 -1.09137
3.86858 -1.09061
3.86992 -1.08983
3.87126 -1.08902
3.8726 -1.08817
3.87394 -1.0873
3.87528 -1.08639
3.87662 -1.08545
3.87796 -1.08448
3.8793 -1.08348
3.88064 -1.08245
3.88198 -1.08139
3.88332 -1.08029
3.88466 -1.07917
3.886 -1.07801
3.88734 -1.07683
3.88868 -1.07561
3.89002 -1.07436
3.89136 -1.07308
3.8927 -1.07177
3.89404 -1.07043
3.89538 -1.06905
3.89672 -1.06765
3.89806 -1.06622
3.8994 -1.06475
3.90074 -1.06325
3.90208 -1.06173
3.90342 -1.06017
3.90476 -1.05858
3.9061 -1.05696
3.90744 -1.05531
3.90878 -1.05363
3.91012 -1.05192
3.91146 -1.05018
3.9128 -1.04841
3.91414 -1.0466
3.91548 -1.04477
3.91682 -1.04291
3.91816 -1.04101
3.9195 -1.03909
3.92084 -1.03714
3.92218 -1.03515
3.92352 -1.03313
3.92486 -1.03109
3.9262 -1.02901
3.92754 -1.02691
3.92888 -1.02477
3.93022 -1.02261
3.93156 -1.02041
3.9329 -1.01818
3.93424 -1.01593
3.93558 -1.01364
3.93692 -1.01132
3.93826 -1.00898
3.9396 -1.0066
3.94094 -1.0042
3.94228 -1.00176
3.94362 -0.999298
3.94496 -0.996803
3.9463 -0.994279
3.94764 -0.991726
3.94898 -0.989143
3.95032 -0.986531
3.95166 -0.983889
3.953 -0.981218
3.95434 -0.978518
3.95568 -0.975788
3.95702 -0.973029
3.95836 -0.970242
3.9597 -0.967425
3.96104 -0.964579
3.96238 -0.961704
3.96372 -0.958801
3.96506 -0.955868
3.9664 -0.952907
3.96774 -0.949917
3.96908 -0.946899
3.97042 -0.943851
3.97176 -0.940776
3.9731 -0.937672
3.97444 -0.934539
3.97578 -0.931379
3.97712 -0.92819
3.97846 -0.924972
3.9798 -0.921727
3.98114 -0.918454
3.98248 -0.915153
3.98382 -0.911823
3.98516 -0.908466
3.9865 -0.905081
3.98784 -0.901669
3.98918 -0.898229
3.99052 -0.894761
3.99186 -0.891266
3.9932 -0.887744
3.99454 -0.884194
3.99588 -0.880617
3.99722 -0.877013
3.99856 -0.873382
3.9999 -0.869723
4.00124 -0.866038
4.00258 -0.862326
4.00392 -0.858588
4.00526 -0.854822
4.0066 -0.851031
4.00794 -0.847212
4.00928 -0.843368
4.01062 -0.839497
4.01196 -0.8356
4.0133 -0.831676
4.01464 -0.827727
4.01598 -0.823752
4.01732 -0.819751
4.01866 -0.815724
4.02 -0.811672
4.02134 -0.807594
4.02268 -0.80349
4.02402 -0.799362
4.02536 -0.795208
4.0267 -0.791029
4.02804 -0.786825
4.02938 -0.782596
4.03072 -0.778342
4.03206 -0.774063
4.0334 -0.76976
4.03474 -0.765432
4.03608 -0.76108
4.03742 -0.756704
4.03876 -0.752304
4.0401 -0.747879
4.04144 -0.743431
4.04278 -0.738958
4.04412 -0.734462
4.04546 -0.729943
4.0468 -0.7254
4.04814 -0.720833
4.04948 -0.716244
4.05082 -0.711631
4.05216 -0.706995
4.0535 -0.702337
4.05484 -0.697656
4.05618 -0.692952
4.05752 -0.688225
4.05886 -0.683476
4.0602 -0.678706
4.06154 -0.673912
4.06288 -0.669097
4.06422 -0.664261
4.06556 -0.659402
4.0669 -0.654522
4.06824 -0.64962
4.06958 -0.644698
4.07092 -0.639754
4.07226 -0.634789
4.0736 -0.629803
4.07494 -0.624796
4.07628 -0.619769
4.07762 -0.614721
4.07896 -0.609653
4.0803 -0.604565
4.08164 -0.599457
4.08298 -0.594329
4.08432 -0.589182
4.08566 -0.584014
4.087 -0.578828
4.08834 -0.573622
4.08968 -0.568397
4.09102 -0.563153
4.09236 -0.55789
4.0937 -0.552609
4.09504 -0.547309
4.09638 -0.541991
4.09772 -0.536655
4.09906 -0.531301
4.1004 -0.525929
4.10174 -0.520539
4.10308 -0.515132
4.10442 -0.509707
4.10576 -0.504265
4.1071 -0.498807
4.10844 -0.493331
4.10978 -0.487839
4.11112 -0.48233
4.11246 -0.476805
4.1138 -0.471264
4.11514 -0.465706
4.11648 -0.460133
4.11782 -0.454545
4.11916 -0.448941
4.1205 -0.443321
4.12184 -0.437687
4.12318 -0.432037
4.12452 -0.426373
4.12586 -0.420695
4.1272 -0.415002
4.12854 -0.409294
4.12988 -0.403573
4.13122 -0.397838
4.13256 -0.392089
4.1339 -0.386327
4.13524 -0.380552
4.13658 -0.374763
4.13792 -0.368962
4.13926 -0.363148
4.1406 -0.357321
4.14194 -0.351482
4.14328 -0.345631
4.14462 -0.339769
4.14596 -0.333894
4.1473 -0.328008
4.14864 -0.32211
4.14998 -0.316202
4.15132 -0.310282
4.15266 -0.304352
4.154 -0.298411
4.15534 -0.29246
4.15668 -0.286498
4.15802 -0.280527
4.15936 -0.274546
4.1607 -0.268555
4.16204 -0.262555
4.16338 -0.256546
4.16472 -0.250528
4.16606 -0.244501
4.1674 -0.238466
4.16874 -0.232423
4.17008 -0.226371
4.17142 -0.220311
4.17276 -0.214244
4.1741 -0.208169
4.17544 -0.202087
4.17678 -0.195998
4.17812 -0.189902
4.17946 -0.1838
4.1808 -0.177691
4.18214 -0.171575
4.18348 -0.165454
4.18482 -0.159327
4.18616 -0.153195
4.1875 -0.147057
4.18884 -0.140913
4.19018 -0.134765
4.19152 -0.128612
4.19286 -0.122455
4.1942 -0.116293
4.19554 -0.110128
4.19688 -0.103958
4.19822 -0.097785
4.19956 -0.0916083
4.2009 -0.0854284
4.20224 -0.0792455
4.20358 -0.0730598
4.20492 -0.0668715
4.20626 -0.0606809
4.2076 -0.0544882
4.20894 -0.0482935
4.21028 -0.0420972
4.21162 -0.0358993
4.21296 -0.0297002
4.2143 -0.0235001
4.21564 -0.0172991
4.21698 -0.0110976
4.21832 -0.00489558
4.21966 0.00130656
4.221 0.00750866
4.22234 0.0137105
4.22368 0.0199118
4.22502 0.0261125
4.22636 0.0323122
4.2277 0.0385108
4.22904 0.0447081
4.23038 0.0509037
4.23172 0.0570976
4.23306 0.0632895
4.2344 0.0694791
4.23574 0.0756663
4.23708 0.0818508
4.23842 0.0880325
4.23976 0.0942111
4.2411 0.100386
4.24244 0.106558
4.24378 0.112726
4.24512 0.11889
4.24646 0.12505
4.2478 0.131205
4.24914 0.137356
4.25048 0.143502
4.25182 0.149643
4.25316 0.155779
4.2545 0.161909
4.25584 0.168034
4.25718 0.174153
4.25852 0.180265
4.25986 0.186372
4.2612 0.192471
4.26254 0.198565
4.26388 0.204651
4.26522 0.21073
4.26656 0.216801
4.2679 0.222865
4.26924 0.228922
4.27058 0.23497
4.27192 0.24101
4.27326 0.247042
4.2746 0.253065
4.27594 0.259079
4.27728 0.265084
4.27862 0.27108
4.27996 0.277067
4.2813 0.283044
4.28264 0.289011
4.28398 0.294968
4.28532 0.300915
4.28666 0.306852
4.288 0.312777
4.28934 0.318692
4.29068 0.324596
4.29202 0.330489
4.29336 0.336371
4.2947 0.34224
4.29604 0.348098
4.29738 0.353944
4.29872 0.359778
4.30006 0.365599
4.3014 0.371408
4.30274 0.377204
4.30408 0.382987
4.30542 0.388757
4.30676 0.394513
4.3081 0.400256
4.30944 0.405985
4.31078 0.411701
4.31212 0.417402
4.31346 0.423089
4.3148 0.428762
4.31614 0.43442
4.31748 0.440063
4.31882 0.445691
4.32016 0.451304
4.3215 0.456901
4.32284 0.462483
4.32418 0.46805
4.32552 0.4736
4.32686 0.479135
4.3282 0.484653
4.32954 0.490155
4.33088 0.49564
4.33222 0.501109
4.33356 0.50656
4.3349 0.511995
4.33624 0.517412
4.33758 0.522812
4.33892 0.528194
4.34026 0.533559
4.3416 0.538906
4.34294 0.544234
4.34428 0.549545
4.34562 0.554837
4.34696 0.56011
4.3483 0.565365
4.34964 0.570601
4.35098 0.575818
4.35232 0.581015
4.35366 0.586194
4.355 0.591353
4.35634 0.596492
4.35768 0.601612
4.35902 0.606711
4.36036 0.611791
4.3617 0.61685
4.36304 0.621889
4.36438 0.626908
4.36572 0.631906
4.36706 0.636883
4.3684 0.641839
4.36974 0.646774
4.37108 0.651688
4.37242 0.656581
4.37376 0.661452
4.3751 0.666301
4.37644 0.671129
4.37778 0.675935
4.37912 0.680718
4.38046 0.68548
4.3818 0.690219
4.38314 0.694936
4.38448 0.699631
4.38582 0.704302
4.38716 0.708951
4.3885 0.713577
4.38984 0.71818
4.39118 0.72276
4.39252 0.727317
4.39386 0.73185
4.3952 0.73636
4.39654 0.740846
4.39788 0.745308
4.39922 0.749746
4.40056 0.754161
4.4019 0.758551
4.40324 0.762917
4.40458 0.767259
4.40592 0.771576
4.40726 0.775869
4.4086 0.780137
4.40994 0.78438
4.41128 0.788599
4.41262 0.792792
4.41396 0.796961
4.4153 0.801104
4.41664 0.805222
4.41798 0.809315
4.41932 0.813382
4.42066 0.817424
4.422 0.82144
4.42334 0.82543
4.42468 0.829394
4.42602 0.833332
4.42736 0.837245
4.4287 0.841131
4.43004 0.844991
4.43138 0.848824
4.43272 0.852632
4.43406 0.856412
4.4354 0.860166
4.43674 0.863894
4.43808 0.867594
4.43942 0.871268
4.44076 0.874915
4.4421 0.878535
4.44344 0.882127
4.44478 0.885693
4.44612 0.889231
4.44746 0.892742
4.4488 0.896226
4.45014 0.899682
4.45148 0.90311
4.45282 0.906511
4.45416 0.909884
4.4555 0.913229
4.45684 0.916547
4.45818 0.919836
4.45952 0.923098
4.46086 0.926331
4.4622 0.929537
4.46354 0.932714
4.46488 0.935863
4.46622 0.938983
4.46756 0.942075
4.4689 0.945139
4.47024 0.948174
4.47158 0.95118
4.47292 0.954158
4.47426 0.957107
4.4756 0.960028
4.47694 0.962919
4.47828 0.965782
4.47962 0.968615
4.48096 0.97142
4.4823 0.974195
4.48364 0.976942
4.48498 0.979659
4.48632 0.982347
4.48766 0.985006
4.489 0.987635
4.49034 0.990235
4.49168 0.992805
4.49302 0.995346
4.49436 0.997858
4.4957 1.00034
4.49704 1.00279
4.49838 1.00521
4.49972 1.00761
4.50106 1.00997
4.5024 1.0123
4.50374 1.01461
4.50508 1.01688
4.50642 1.01912
4.50776 1.02134
4.5091 1.02352
4.51044 1.02568
4.51178 1.0278
4.51312 1.02989
4.51446 1.03195
4.5158 1.03399
4.51714 1.03599
4.51848 1.03796
4.51982 1.0399
4.52116 1.04182
4.5225 1.0437
4.52384 1.04555
4.52518 1.04737
4.52652 1.04916
4.52786 1.05092
4.5292 1.05265
4.53054 1.05434
4.53188 1.05601
4.53322 1.05765
4.53456 1.05925
4.5359 1.06083
4.53724 1.06237
4.53858 1.06389
4.53992 1.06537
4.54126 1.06682
4.5426 1.06825
4.54394 1.06964
4.54528 1.071
4.54662 1.07232
4.54796 1.07362
4.5493 1.07489
4.55064 1.07613
4.55198 1.07733
4.55332 1.0785
4.55466 1.07965
4.556 1.08076
4.55734 1.08184
4.55868 1.08289
4.56002 1.08391
4.56136 1.0849
4.5627 1.08585
4.56404 1.08678
4.56538 1.08767
4.56672 1.08853
4.56806 1.08937
4.5694 1.09017
4.57074 1.09093
4.57208 1.09167
4.57342 1.09238
4.57476 1.09305
4.5761 1.0937
4.57744 1.09431
4.57878 1.09489
4.58012 1.09544
4.58146 1.09596
4.5828 1.09645
4.58414 1.09691
4.58548 1.09733
4.58682 1.09772
4.58816 1.09809
4.5895 1.09842
4.59084 1.09872
4.59218 1.09899
4.59352 1.09922
4.59486 1.09943
4.5962 1.0996
4.59754 1.09974
4.59888 1.09986
4.60022 1.09993
4.60156 1.09998
4.6029 1.1
4.60424 1.09999
4.60558 1.09994
4.60692 1.09986
4.60826 1.09975
4.6096 1.09961
4.61094 1.09944
4.61228 1.09924
4.61362 1.09901
4.61496 1.09874
4.6163 1.09844
4.61764 1.09812
4.61898 1.09776
4.62032 1.09737
4.62166 1.09694
4.623 1.09649
4.62434 1.09601
4.62568 1.09549
4.62702 1.09494
4.62836 1.09436
4.6297 1.09375
4.63104 1.09311
4.63238 1.09244
4.63372 1.09173
4.63506 1.091
4.6364 1.09023
4.63774 1.08944
4.63908 1.08861
4.64042 1.08775
4.64176 1.08685
4.6431 1.08593
4.64444 1.08498
4.64578 1.08399
4.64712 1.08298
4.64846 1.08193
4.6498 1.08085
4.65114 1.07974
4.65248 1.0786
4.65382 1.07743
4.65516 1.07623
4.6565 1.075
4.65784 1.07373
4.65918 1.07244
4.66052 1.07111
4.66186 1.06975
4.6632 1.06837
4.66454 1.06695
4.66588 1.0655
4.66722 1.06402
4.66856 1.06251
4.6699 1.06096
4.67124 1.05939
4.67258 1.05779
4.67392 1.05615
4.67526 1.05449
4.6766 1.05279
4.67794 1.05107
4.67928 1.04931
4.68062 1.04752
4.68196 1.04571
4.6833 1.04386
4.68464 1.04198
4.68598 1.04007
4.68732 1.03813
4.68866 1.03616
4.69 1.03416
4.69134 1.03213
4.69268 1.03007
4.69402 1.02798
4.69536 1.02586
4.6967 1.02371
4.69804 1.02153
4.69938 1.01932
4.70072 1.01707
4.70206 1.0148
4.7034 1.0125
4.70474 1.01017
4.70608 1.00781
4.70742 1.00542
4.70876 1.003
4.7101 1.00055
4.71144 0.998072
4.71278 0.995563
4.71412 0.993025
4.71546 0.990457
4.7168 0.987859
4.71814 0.985232
4.71948 0.982576
4.72082 0.979891
4.72216 0.977176
4.7235 0.974432
4.72484 0.971659
4.72618 0.968857
4.72752 0.966026
4.72886 0.963166
4.7302 0.960277
4.73154 0.957359
4.73288 0.954412
4.73422 0.951437
4.73556 0.948433
4.7369 0.9454
4.73824 0.942339
4.73958 0.93925
4.74092 0.936132
4.74226 0.932985
4.7436 0.929811
4.74494 0.926608
4.74628 0.923377
4.74762 0.920118
4.74896 0.91683
4.7503 0.913515
4.75164 0.910172
4.75298 0.906802
4.75432 0.903403
4.75566 0.899977
4.757 0.896523
4.75834 0.893042
4.75968 0.889534
4.76102 0.885998
4.76236 0.882435
4.7637 0.878844
4.76504 0.875227
4.76638 0.871582
4.76772 0.867911
4.76906 0.864212
4.7704 0.860487
4.77174 0.856736
4.77308 0.852957
4.77442 0.849152
4.77576 0.845321
4.7771 0.841463
4.77844 0.837579
4.77978 0.833669
4.78112 0.829733
4.78246 0.825771
4.7838 0.821783
4.78514 0.81777
4.78648 0.81373
4.78782 0.809665
4.78916 0.805575
4.7905 0.801459
4.79184 0.797318
4.79318 0.793151
4.79452 0.78896
4.79586 0.784744
4.7972 0.780502
4.79854 0.776236
4.79988 0.771946
4.80122 0.76763
4.80256 0.763291
4.8039 0.758927
4.80524 0.754538
4.80658 0.750126
4.80792 0.74569
4.80926 0.74123
4.8106 0.736746
4.81194 0.732238
4.81328 0.727707
4.81462 0.723152
4.81596 0.718574
4.8173 0.713973
4.81864 0.709349
4.81998 0.704702
4.82132 0.700033
4.82266 0.69534
4.824 0.690625
4.82534 0.685888
4.82668 0.681128
4.82802 0.676346
4.82936 0.671542
4.8307 0.666716
4.83204 0.661869
4.83338 0.657
4.83472 0.652109
4.83606 0.647197
4.8374 0.642264
4.83874 0.637309
4.84008 0.632334
4.84142 0.627338
4.84276 0.622321
4.8441 0.617284
4.84544 0.612226
4.84678 0.607148
4.84812 0.60205
4.84946 0.596933
4.8508 0.591795
4.85214 0.586638
4.85348 0.581461
4.85482 0.576265
4.85616 0.571049
4.8575 0.565815
4.85884 0.560562
4.86018 0.55529
4.86152 0.55
4.86286 0.544691
4.8642 0.539364
4.86554 0.534019
4.86688 0.528656
4.86822 0.523275
4.86956 0.517876
4.8709 0.512461
4.87224 0.507027
4.87358 0.501577
4.87492 0.49611
4.87626 0.490626
4.8776 0.485126
4.87894 0.479609
4.88028 0.474076
4.88162 0.468527
4.88296 0.462962
4.8843 0.457381
4.88564 0.451785
4.88698 0.446173
4.88832 0.440546
4.88966 0.434905
4.891 0.429248
4.89234 0.423577
4.89368 0.417891
4.89502 0.412191
4.89636 0.406477
4.8977 0.400748
4.89904 0.395007
4.90038 0.389251
4.90172 0.383483
4.90306 0.377701
4.9044 0.371906
4.90574 0.366098
4.90708 0.360278
4.90842 0.354445
4.90976 0.3486
4.9111 0.342744
4.91244 0.336875
4.91378 0.330995
4.91512 0.325103
4.91646 0.3192
4.9178 0.313286
4.91914 0.307361
4.92048 0.301425
4.92182 0.295479
4.92316 0.289523
4.9245 0.283557
4.92584 0.27758
4.92718 0.271595
4.92852 0.265599
4.92986 0.259595
4.9312 0.253581
4.93254 0.247559
4.93388 0.241528
4.93522 0.235489
4.93656 0.229441
4.9379 0.223386
4.93924 0.217322
4.94058 0.211251
4.94192 0.205173
4.94326 0.199087
4.9446 0.192995
4.94594 0.186896
4.94728 0.18079
4.94862 0.174678
4.94996 0.168559
4.9513 0.162435
4.95264 0.156306
4.95398 0.15017
4.95532 0.14403
4.95666 0.137884
4.958 0.131734
4.95934 0.125579
4.96068 0.119419
4.96202 0.113255
4.96336 0.107088
4.9647 0.100916
4.96604 0.0947413
4.96738 0.0885631
4.96872 0.0823817
4.97006 0.0761974
4.9714 0.0700104
4.97274 0.0638209
4.97408 0.0576292
4.97542 0.0514355
4.97676 0.04524
4.9781 0.0390429
4.97944 0.0328444
4.98078 0.0266448
4.98212 0.0204442
4.98346 0.0142429
4.9848 0.00804109
4.98614 0.00183901
4.98748 -0.00436314
4.98882 -0.0105651
4.99016 -0.0167668
4.9915 -0.0229678
4.99284 -0.029168
4.99418 -0.0353672
4.99552 -0.0415652
4.99686 -0.0477617
4.9982 -0.0539565
4.99954 -0.0601494
5.00088 -0.0663402
5.00222 -0.0725286
5.00356 -0.0787146
5.0049 -0.0848977
5.00624 -0.0910779
5.00758 -0.0972548
5.00892 -0.103428
5.01026 -0.109598
5.0116 -0.115764
5.01294 -0.121926
5.01428 -0.128084
5.01562 -0.134237
5.01696 -0.140386
5.0183 -0.146529
5.01964 -0.152668
5.02098 -0.158801
5.02232 -0.164928
5.02366 -0.17105
5.025 -0.177166
5.02634 -0.183276
5.02768 -0.189379
5.02902 -0.195475
5.03036 -0.201565
5.0317 -0.207647
5.03304 -0.213723
5.03438 -0.219791
5.03572 -0.225851
5.03706 -0.231903
5.0384 -0.237948
5.03974 -0.243984
5.04108 -0.250011
5.04242 -0.25603
5.04376 -0.26204
5.0451 -0.26804
5.04644 -0.274032
5.04778 -0.280014
5.04912 -0.285986
5.05046 -0.291948
5.0518 -0.2979
5.05314 -0.303842
5.05448 -0.309773
5.05582 -0.315694
5.05716 -0.321603
5.0585 -0.327502
5.05984 -0.333389
5.06118 -0.339265
5.06252 -0.345129
5.06386 -0.350981
5.0652 -0.356821
5.06654 -0.362648
5.06788 -0.368463
5.06922 -0.374266
5.07056 -0.380055
5.0719 -0.385832
5.07324 -0.391595
5.07458 -0.397345
5.07592 -0.403081
5.07726 -0.408804
5.0786 -0.414512
5.07994 -0.420207
5.08128 -0.425886
5.08262 -0.431552
5.08396 -0.437202
5.0853 -0.442838
5.08664 -0.448459
5.08798 -0.454064
5.08932 -0.459654
5.09066 -0.465229
5.092 -0.470787
5.09334 -0.47633
5.09468 -0.481856
5.09602 -0.487367
5.09736 -0.49286
5.0987 -0.498337
5.10004 -0.503797
5.10138 -0.509241
5.10272 -0.514667
5.10406 -0.520075
5.1054 -0.525467
5.10674 -0.53084
5.10808 -0.536196
5.10942 -0.541534
5.11076 -0.546854
5.1121 -0.552155
5.11344 -0.557438
5.11478 -0.562702
5.11612 -0.567948
5.11746 -0.573174
5.1188 -0.578382
5.12014 -0.58357
5.12148 -0.588739
5.12282 -0.593888
5.12416 -0.599018
5.1255 -0.604128
5.12684 -0.609217
5.12818 -0.614287
5.12952 -0.619336
5.13086 -0.624365
5.1322 -0.629374
5.13354 -0.634361
5.13488 -0.639328
5.13622 -0.644274
5.13756 -0.649199
5.1389 -0.654102
5.14024 -0.658984
5.14158 -0.663844
5.14292 -0.668683
5.14426 -0.6735
5.1456 -0.678295
5.14694 -0.683068
5.14828 -0.687818
5.14962 -0.692547
5.15096 -0.697253
5.1523 -0.701936
5.15364 -0.706596
5.15498 -0.711234
5.15632 -0.715849
5.15766 -0.72044
5.159 -0.725009
5.16034 -0.729554
5.16168 -0.734075
5.16302 -0.738573
5.16436 -0.743048
5.1657 -0.747498
5.16704 -0.751925
5.16838 -0.756327
5.16972 -0.760706
5.17106 -0.76506
5.1724 -0.76939
5.17374 -0.773695
5.17508 -0.777975
5.17642 -0.782231
5.17776 -0.786463
5.1791 -0.790669
5.18044 -0.79485
5.18178 -0.799006
5.18312 -0.803137
5.18446 -0.807242
5.1858 -0.811323
5.18714 -0.815377
5.18848 -0.819406
5.18982 -0.823409
5.19116 -0.827387
5.1925 -0.831338
5.19384 -0.835264
5.19518 -0.839163
5.19652 -0.843036
5.19786 -0.846883
5.1992 -0.850704
5.20054 -0.854498
5.20188 -0.858266
5.20322 -0.862007
5.20456 -0.865721
5.2059 -0.869408
5.20724 -0.873069
5.20858 -0.876702
5.20992 -0.880309
5.21126 -0.883888
5.2126 -0.88744
5.21394 -0.890965
5.21528 -0.894462
5.21662 -0.897932
5.21796 -0.901375
5.2193 -0.90479
5.22064 -0.908177
5.22198 -0.911536
5.22332 -0.914868
5.22466 -0.918172
5.226 -0.921447
5.22734 -0.924695
5.22868 -0.927915
5.23002 -0.931106
5.23136 -0.934269
5.2327 -0.937404
5.23404 -0.940511
5.23538 -0.943589
5.23672 -0.946638
5.23806 -0.949659
5.2394 -0.952652
5.24074 -0.955615
5.24208 -0.95855
5.24342 -0.961456
5.24476 -0.964333
5.2461 -0.967182
5.24744 -0.970001
5.24878 -0.972791
5.25012 -0.975552
5.25146 -0.978284
5.2528 -0.980987
5.25414 -0.983661
5.25548 -0.986305
5.25682 -0.98892
5.25816 -0.991505
5.2595 -0.994061
5.26084 -0.996588
5.26218 -0.999085
5.26352 -1.00155
5.26486 -1.00399
5.2662 -1.0064
5.26754 -1.00878
5.26888 -1.01112
5.27022 -1.01344
5.27156 -1.01573
5.2729 -1.01799
5.27424 -1.02022
5.27558 -1.02242
5.27692 -1.02459
5.27826 -1.02673
5.2796 -1.02883
5.28094 -1.03091
5.28228 -1.03296
5.28362 -1.03498
5.28496 -1.03697
5.2863 -1.03892
5.28764 -1.04085
5.28898 -1.04275
5.29032 -1.04461
5.29166 -1.04645
5.293 -1.04825
5.29434 -1.05003
5.29568 -1.05177
5.29702 -1.05349
5.29836 -1.05517
5.2997 -1.05682
5.30104 -1.05844
5.30238 -1.06003
5.30372 -1.06159
5.30506 -1.06312
5.3064 -1.06462
5.30774 -1.06609
5.30908 -1.06753
5.31042 -1.06893
5.31176 -1.07031
5.3131 -1.07165
5.31444 -1.07297
5.31578 -1.07425
5.31712 -1.0755
5.31846 -1.07672
5.3198 -1.07791
5.32114 -1.07907
5.32248 -1.0802
5.32382 -1.0813
5.32516 -1.08236
5.3265 -1.0834
5.32784 -1.0844
5.32918 -1.08537
5.33052 -1.08631
5.33186 -1.08722
5.3332 -1.0881
5.33454 -1.08895
5.33588 -1.08976
5.33722 -1.09055
5.33856 -1.0913
5.3399 -1.09203
5.34124 -1.09272
5.34258 -1.09338
5.34392 -1.094
5.34526 -1.0946
5.3466 -1.09517
5.34794 -1.0957
5.34928 -1.09621
5.35062 -1.09668
5.35196 -1.09712
5.3533 -1.09753
5.35464 -1.09791
5.35598 -1.09825
5.35732 -1.09857
5.35866 -1.09885
5.36 -1.09911
5.36134 -1.09933
5.36268 -1.09952
5.36402 -1.09968
5.36536 -1.0998
5.3667 -1.0999
5.36804 -1.09996
5.36938 -1.1
5.37072 -1.1
5.37206 -1.09997
5.3734 -1.09991
5.37474 -1.09981
5.37608 -1.09969
5.37742 -1.09953
5.37876 -1.09935
5.3801 -1.09913
5.38144 -1.09888
5.38278 -1.0986
5.38412 -1.09829
5.38546 -1.09794
5.3868 -1.09757
5.38814 -1.09716
5.38948 -1.09672
5.39082 -1.09626
5.39216 -1.09576
5.3935 -1.09522
5.39484 -1.09466
5.39618 -1.09407
5.39752 -1.09344
5.39886 -1.09278
5.4002 -1.0921
5.40154 -1.09138
5.40288 -1.09063
5.40422 -1.08984
5.40556 -1.08903
5.4069 -1.08819
5.40824 -1.08731
5.40958 -1.0864
5.41092 -1.08547
5.41226 -1.0845
5.4136 -1.0835
5.41494 -1.08247
5.41628 -1.0814
5.41762 -1.08031
5.41896 -1.07919
5.4203 -1.07803
5.42164 -1.07684
5.42298 -1.07563
5.42432 -1.07438
5.42566 -1.0731
5.427 -1.07179
5.42834 -1.07045
5.42968 -1.06907
5.43102 -1.06767
5.43236 -1.06624
5.4337 -1.06477
5.43504 -1.06328
5.43638 -1.06175
5.43772 -1.06019
5.43906 -1.0586
5.4404 -1.05699
5.44174 -1.05534
5.44308 -1.05366
5.44442 -1.05195
5.44576 -1.0502
5.4471 -1.04843
5.44844 -1.04663
5.44978 -1.0448
5.45112 -1.04294
5.45246 -1.04104
5.4538 -1.03912
5.45514 -1.03716
5.45648 -1.03518
5.45782 -1.03316
5.45916 -1.03112
5.4605 -1.02904
5.46184 -1.02694
5.46318 -1.0248
5.46452 -1.02264
5.46586 -1.02044
5.4672 -1.01822
5.46854 -1.01596
5.46988 -1.01367
5.47122 -1.01136
5.47256 -1.00901
5.4739 -1.00664
5.47524 -1.00423
5.47658 -1.0018
5.47792 -0.999333
5.47926 -0.996839
5.4806 -0.994316
5.48194 -0.991763
5.48328 -0.98918
5.48462 -0.986568
5.48596 -0.983927
5.4873 -0.981257
5.48864 -0.978557
5.48998 -0.975828
5.49132 -0.973069
5.49266 -0.970282
5.494 -0.967466
5.49534 -0.96462
5.49668 -0.961746
5.49802 -0.958843
5.49936 -0.955911
5.5007 -0.95295
5.50204 -0.94996
5.50338 -0.946942
5.50472 -0.943896
5.50606 -0.94082
5.5074 -0.937717
5.50874 -0.934585
5.51008 -0.931424
5.51142 -0.928236
5.51276 -0.925019
5.5141 -0.921774
5.51544 -0.918501
5.51678 -0.9152
5.51812 -0.911871
5.51946 -0.908515
5.5208 -0.90513
5.52214 -0.901718
5.52348 -0.898279
5.52482 -0.894811
5.52616 -0.891317
5.5275 -0.887795
5.52884 -0.884245
5.53018 -0.880669
5.53152 -0.877065
5.53286 -0.873434
5.5342 -0.869776
5.53554 -0.866091
5.53688 -0.86238
5.53822 -0.858642
5.53956 -0.854877
5.5409 -0.851085
5.54224 -0.847267
5.54358 -0.843423
5.54492 -0.839553
5.54626 -0.835656
5.5476 -0.831733
5.54894 -0.827784
5.55028 -0.823809
5.55162 -0.819808
5.55296 -0.815782
5.5543 -0.81173
5.55564 -0.807652
5.55698 -0.803549
5.55832 -0.799421
5.55966 -0.795268
5.561 -0.791089
5.56234 -0.786885
5.56368 -0.782657
5.56502 -0.778403
5.56636 -0.774125
5.5677 -0.769822
5.56904 -0.765495
5.57038 -0.761143
5.57172 -0.756767
5.57306 -0.752367
5.5744 -0.747943
5.57574 -0.743495
5.57708 -0.739023
5.57842 -0.734527
5.57976 -0.730008
5.5811 -0.725465
5.58244 -0.720899
5.58378 -0.71631
5.58512 -0.711698
5.58646 -0.707062
5.5878 -0.702404
5.58914 -0.697723
5.59048 -0.693019
5.59182 -0.688293
5.59316 -0.683545
5.5945 -0.678774
5.59584 -0.673981
5.59718 -0.669167
5.59852 -0.66433
5.59986 -0.659472
5.6012 -0.654592
5.60254 -0.649691
5.60388 -0.644768
5.60522 -0.639825
5.60656 -0.63486
5.6079 -0.629874
5.60924 -0.624868
5.61058 -0.619841
5.61192 -0.614794
5.61326 -0.609726
5.6146 -0.604639
5.61594 -0.599531
5.61728 -0.594403
5.61862 -0.589256
5.61996 -0.584089
5.6213 -0.578903
5.62264 -0.573697
5.62398 -0.568472
5.62532 -0.563229
5.62666 -0.557966
5.628 -0.552685
5.62934 -0.547386
5.63068 -0.542068
5.63202 -0.536732
5.63336 -0.531378
5.6347 -0.526006
5.63604 -0.520617
5.63738 -0.51521
5.63872 -0.509785
5.64006 -0.504344
5.6414 -0.498885
5.64274 -0.49341
5.64408 -0.487918
5.64542 -0.482409
5.64676 -0.476884
5.6481 -0.471343
5.64944 -0.465786
5.65078 -0.460214
5.65212 -0.454625
5.65346 -0.449021
5.6548 -0.443402
5.65614 -0.437768
5.65748 -0.432119
5.65882 -0.426455
5.66016 -0.420776
5.6615 -0.415083
5.66284 -0.409376
5.66418 -0.403655
5.66552 -0.397921
5.66686 -0.392172
5.6682 -0.38641
5.66954 -0.380635
5.67088 -0.374847
5.67222 -0.369045
5.67356 -0.363231
5.6749 -0.357405
5.67624 -0.351566
5.67758 -0.345716
5.67892 -0.339853
5.68026 -0.333978
5.6816 -0.328092
5.68294 -0.322195
5.68428 -0.316287
5.68562 -0.310367
5.68696 -0.304437
5.6883 -0.298496
5.68964 -0.292545
5.69098 -0.286584
5.69232 -0.280613
5.69366 -0.274632
5.695 -0.268641
5.69634 -0.262641
5.69768 -0.256633
5.69902 -0.250615
5.70036 -0.244588
5.7017 -0.238553
5.70304 -0.232509
5.70438 -0.226458
5.70572 -0.220398
5.70706 -0.214331
5.7084 -0.208257
5.70974 -0.202175
5.71108 -0.196086
5.71242 -0.18999
5.71376 -0.183887
5.7151 -0.177778
5.71644 -0.171663
5.71778 -0.165542
5.71912 -0.159415
5.72046 -0.153283
5.7218 -0.147145
5.72314 -0.141002
5.72448 -0.134854
5.72582 -0.128701
5.72716 -0.122544
5.7285 -0.116382
5.72984 -0.110216
5.73118 -0.104047
5.73252 -0.0978736
5.73386 -0.091697
5.7352 -0.0855171
5.73654 -0.0793343
5.73788 -0.0731486
5.73922 -0.0669604
5.74056 -0.0607698
5.7419 -0.0545771
5.74324 -0.0483825
5.74458 -0.0421861
5.74592 -0.0359883
5.74726 -0.0297892
5.7486 -0.0235891
5.74994 -0.0173881
5.75128 -0.0111866
5.75262 -0.00498461
5.75396 0.00121754
5.7553 0.00741964
5.75664 0.0136215
5.75798 0.0198228
5.75932 0.0260235
5.76066 0.0322232
5.762 0.0384219
5.76334 0.0446191
5.76468 0.0508148
5.76602 0.0570087
5.76736 0.0632006
5.7687 0.0693903
5.77004 0.0755775
5.77138 0.0817621
5.77272 0.0879438
5.77406 0.0941224
5.7754 0.100298
5.77674 0.10647
5.77808 0.112638
5.77942 0.118802
5.78076 0.124962
5.7821 0.131117
5.78344 0.137268
5.78478 0.143414
5.78612 0.149555
5.78746 0.155691
5.7888 0.161821
5.79014 0.167946
5.79148 0.174065
5.79282 0.180178
5.79416 0.186284
5.7955 0.192384
5.79684 0.198477
5.79818 0.204563
5.79952 0.210642
5.80086 0.216714
5.8022 0.222778
5.80354 0.228835
5.80488 0.234883
5.80622 0.240923
5.80756 0.246955
5.8089 0.252978
5.81024 0.258993
5.81158 0.264998
5.81292 0.270994
5.81426 0.276981
5.8156 0.282958
5.81694 0.288926
5.81828 0.294883
5.81962 0.30083
5.82096 0.306766
5.8223 0.312692
5.82364 0.318608
5.82498 0.324512
5.82632 0.330405
5.82766 0.336286
5.829 0.342156
5.83034 0.348014
5.83168 0.35386
5.83302 0.359694
5.83436 0.365516
5.8357 0.371325
5.83704 0.377121
5.83838 0.382904
5.83972 0.388674
5.84106 0.394431
5.8424 0.400174
5.84374 0.405903
5.84508 0.411619
5.84642 0.41732
5.84776 0.423008
5.8491 0.42868
5.85044 0.434338
5.85178 0.439982
5.85312 0.44561
5.85446 0.451223
5.8558 0.456821
5.85714 0.462403
5.85848 0.46797
5.85982 0.473521
5.86116 0.479055
5.8625 0.484574
5.86384 0.490076
5.86518 0.495562
5.86652 0.50103
5.86786 0.506482
5.8692 0.511917
5.87054 0.517334
5.87188 0.522735
5.87322 0.528117
5.87456 0.533482
5.8759 0.538829
5.87724 0.544158
5.87858 0.549469
5.87992 0.554761
5.88126 0.560035
5.8826 0.56529
5.88394 0.570526
5.88528 0.575743
5.88662 0.580941
5.88796 0.58612
5.8893 0.591279
5.89064 0.596419
5.89198 0.601539
5.89332 0.606639
5.89466 0.611718
5.896 0.616778
5.89734 0.621817
5.89868 0.626836
5.90002 0.631834
5.90136 0.636812
5.9027 0.641768
5.90404 0.646704
5.90538 0.651618
5.90672 0.656511
5.90806 0.661382
5.9094 0.666232
5.91074 0.67106
5.91208 0.675866
5.91342 0.68065
5.91476 0.685412
5.9161 0.690152
5.91744 0.694869
5.91878 0.699564
5.92012 0.704236
5.92146 0.708885
5.9228 0.713511
5.92414 0.718115
5.92548 0.722695
5.92682 0.727252
5.92816 0.731785
5.9295 0.736295
5.93084 0.740781
5.93218 0.745244
5.93352 0.749683
5.93486 0.754097
5.9362 0.758488
5.93754 0.762855
5.93888 0.767197
5.94022 0.771514
5.94156 0.775808
5.9429 0.780076
5.94424 0.78432
5.94558 0.788539
5.94692 0.792733
5.94826 0.796901
5.9496 0.801045
5.95094 0.805163
5.95228 0.809256
5.95362 0.813324
5.95496 0.817366
5.9563 0.821382
5.95764 0.825373
5.95898 0.829338
5.96032 0.833276
5.96166 0.837189
5.963 0.841075
5.96434 0.844936
5.96568 0.84877
5.96702 0.852577
5.96836 0.856358
5.9697 0.860113
5.97104 0.86384
5.97238 0.867541
5.97372 0.871216
5.97506 0.874863
5.9764 0.878483
5.97774 0.882076
5.97908 0.885642
5.98042 0.889181
5.98176 0.892692
5.9831 0.896176
5.98444 0.899632
5.98578 0.903061
5.98712 0.906463
5.98846 0.909836
5.9898 0.913182
5.99114 0.9165
5.99248 0.91979
5.99382 0.923051
5.99516 0.926285
5.9965 0.929491
5.99784 0.932669
5.99918 0.935818
6.00052 0.938939
6.00186 0.942031
6.0032 0.945095
6.00454 0.948131
6.00588 0.951137
6.00722 0.954116
6.00856 0.957065
6.0099 0.959986
6.01124 0.962878
6.01258 0.965741
6.01392 0.968575
6.01526 0.97138
6.0166 0.974156
6.01794 0.976903
6.01928 0.97962
6.02062 0.982309
6.02196 0.984968
6.0233 0.987597
6.02464 0.990198
6.02598 0.992769
6.02732 0.99531
6.02866 0.997822
6.03 1.0003
6.03134 1.00276
6.03268 1.00518
6.03402 1.00757
6.03536 1.00994
6.0367 1.01227
6.03804 1.01457
6.03938 1.01685
6.04072 1.01909
6.04206 1.02131
6.0434 1.02349
6.04474 1.02564
6.04608 1.02777
6.04742 1.02986
6.04876 1.03193
6.0501 1.03396
6.05144 1.03596
6.05278 1.03793
6.05412 1.03988
6.05546 1.04179
6.0568 1.04367
6.05814 1.04552
6.05948 1.04734
6.06082 1.04913
6.06216 1.05089
6.0635 1.05262
6.06484 1.05432
6.06618 1.05599
6.06752 1.05763
6.06886 1.05923
6.0702 1.06081
6.07154 1.06235
6.07288 1.06387
6.07422 1.06535
6.07556 1.0668
6.0769 1.06823
6.07824 1.06962
6.07958 1.07098
6.08092 1.07231
6.08226 1.0736
6.0836 1.07487
6.08494 1.07611
6.08628 1.07731
6.08762 1.07849
6.08896 1.07963
6.0903 1.08074
6.09164 1.08182
6.09298 1.08287
6.09432 1.08389
6.09566 1.08488
6.097 1.08584
6.09834 1.08676
6.09968 1.08766
6.10102 1.08852
6.10236 1.08935
6.1037 1.09015
6.10504 1.09092
6.10638 1.09166
6.10772 1.09237
6.10906 1.09305
6.1104 1.09369
6.11174 1.0943
6.11308 1.09489
6.11442 1.09544
6.11576 1.09596
6.1171 1.09644
6.11844 1.0969
6.11978 1.09733
6.12112 1.09772
6.12246 1.09808
6.1238 1.09841
6.12514 1.09871
6.12648 1.09898
6.12782 1.09922
6.12916 1.09942
6.1305 1.0996
6.13184 1.09974
6.13318 1.09985
6.13452 1.09993
6.13586 1.09998
6.1372 1.1
6.13854 1.09999
6.13988 1.09994
6.14122 1.09986
6.14256 1.09976
6.1439 1.09962
6.14524 1.09945
6.14658 1.09924
6.14792 1.09901
6.14926 1.09875
6.1506 1.09845
6.15194 1.09812
6.15328 1.09776
6.15462 1.09737
6.15596 1.09695
6.1573 1.0965
6.15864 1.09601
6.15998 1.0955
6.16132 1.09495
6.16266 1.09437
6.164 1.09376
6.16534 1.09312
6.16668 1.09245
6.16802 1.09175
6.16936 1.09101
6.1707 1.09024
6.17204 1.08945
6.17338 1.08862
6.17472 1.08776
6.17606 1.08687
6.1774 1.08595
6.17874 1.08499
6.18008 1.08401
6.18142 1.08299
6.18276 1.08195
6.1841 1.08087
6.18544 1.07976
6.18678 1.07862
6.18812 1.07745
6.18946 1.07625
6.1908 1.07501
6.19214 1.07375
6.19348 1.07246
6.19482 1.07113
6.19616 1.06977
6.1975 1.06839
6.19884 1.06697
6.20018 1.06552
6.20152 1.06404
6.20286 1.06253
6.2042 1.06099
6.20554 1.05941
6.20688 1.05781
6.20822 1.05618
6.20956 1.05451
6.2109 1.05282
6.21224 1.05109
6.21358 1.04934
6.21492 1.04755
6.21626 1.04573
6.2176 1.04388
6.21894 1.04201
6.22028 1.0401
6.22162 1.03816
6.22296 1.03619
6.2243 1.03419
6.22564 1.03216
6.22698 1.0301
6.22832 1.02801
6.22966 1.02589
6.231 1.02374
6.23234 1.02156
6.23368 1.01935
6.23502 1.01711
6.23636 1.01484
6.2377 1.01254
6.23904 1.01021
6.24038 1.00785
6.24172 1.00546
6.24306 1.00304
6.2444 1.00059
6.24574 0.998108
6.24708 0.9956
6.24842 0.993062
6.24976 0.990494
6.2511 0.987897
6.25244 0.98527
6.25378 0.982615
6.25512 0.97993
6.25646 0.977215
6.2578 0.974472
6.25914 0.971699
6.26048 0.968898
6.26182 0.966067
6.26316 0.963207
6.2645 0.960319
6.26584 0.957401
6.26718 0.954455
6.26852 0.95148
6.26986 0.948477
6.2712 0.945444
6.27254 0.942384
6.27388 0.939294
6.27522 0.936177
6.27656 0.933031
6.2779 0.929857
6.27924 0.926654
6.28058 0.923423
6.28192 0.920165
6.28326 0.916878
6.2846 0.913563
6.28594 0.910221
6.28728 0.90685
6.28862 0.903452
6.28996 0.900027
6.2913 0.896573
6.29264 0.893093
6.29398 0.889584
6.29532 0.886049
6.29666 0.882486
6.298 0.878896
6.29934 0.875279
6.30068 0.871635
6.30202 0.867964
6.30336 0.864266
6.3047 0.860541
6.30604 0.85679
6.30738 0.853012
6.30872 0.849207
6.31006 0.845376
6.3114 0.841519
6.31274 0.837636
6.31408 0.833726
6.31542 0.82979
6.31676 0.825828
6.3181 0.821841
6.31944 0.817827
6.32078 0.813788
6.32212 0.809724
6.32346 0.805634
6.3248 0.801518
6.32614 0.797377
6.32748 0.793211
6.32882 0.78902
6.33016 0.784804
6.3315 0.780563
6.33284 0.776298
6.33418 0.772008
6.33552 0.767693
6.33686 0.763353
6.3382 0.75899
6.33954 0.754602
6.34088 0.75019
6.34222 0.745754
6.34356 0.741294
6.3449 0.73681
6.34624 0.732303
6.34758 0.727772
6.34892 0.723218
6.35026 0.718641
6.3516 0.71404
6.35294 0.709416
6.35428 0.704769
6.35562 0.7001
6.35696 0.695408
6.3583 0.690693
6.35964 0.685956
6.36098 0.681197
6.36232 0.676415
6.36366 0.671612
6.365 0.666786
6.36634 0.661939
6.36768 0.65707
6.36902 0.652179
6.37036 0.647268
6.3717 0.642335
6.37304 0.637381
6.37438 0.632406
6.37572 0.62741
6.37706 0.622393
6.3784 0.617356
6.37974 0.612299
6.38108 0.607222
6.38242 0.602124
6.38376 0.597006
6.3851 0.591869
6.38644 0.586712
6.38778 0.581535
6.38912 0.57634
6.39046 0.571125
6.3918 0.565891
6.39314 0.560638
6.39448 0.555366
6.39582 0.550076
6.39716 0.544767
6.3985 0.53944
6.39984 0.534096
6.40118 0.528733
6.40252 0.523352
6.40386 0.517954
6.4052 0.512539
6.40654 0.507106
6.40788 0.501656
6.40922 0.496189
6.41056 0.490705
6.4119 0.485205
6.41324 0.479689
6.41458 0.474156
6.41592 0.468607
6.41726 0.463042
6.4186 0.457462
6.41994 0.451865
6.42128 0.446254
6.42262 0.440627
6.42396 0.434986
6.4253 0.429329
6.42664 0.423658
6.42798 0.417973
6.42932 0.412273
6.43066 0.406559
6.432 0.400831
6.43334 0.395089
6.43468 0.389334
6.43602 0.383566
6.43736 0.377784
6.4387 0.371989
6.44004 0.366182
6.44138 0.360362
6.44272 0.354529
6.44406 0.348685
6.4454 0.342828
6.44674 0.336959
6.44808 0.331079
6.44942 0.325188
6.45076 0.319285
6.4521 0.313371
6.45344 0.307446
6.45478 0.301511
6.45612 0.295565
6.45746 0.289609
6.4588 0.283642
6.46014 0.277666
6.46148 0.271681
6.46282 0.265686
6.46416 0.259681
6.4655 0.253668
6.46684 0.247646
6.46818 0.241615
6.46952 0.235576
6.47086 0.229528
6.4722 0.223473
6.47354 0.217409
6.47488 0.211339
6.47622 0.20526
6.47756 0.199175
6.4789 0.193082
6.48024 0.186983
6.48158 0.180878
6.48292 0.174766
6.48426 0.168647
6.4856 0.162523
6.48694 0.156394
6.48828 0.150258
6.48962 0.144118
6.49096 0.137972
6.4923 0.131822
6.49364 0.125667
6.49498 0.119508
6.49632 0.113344
6.49766 0.107176
6.499 0.101005
6.50034 0.0948301
6.50168 0.0886519
6.50302 0.0824705
6.50436 0.0762862
6.5057 0.0700993
6.50704 0.0639099
6.50838 0.0577182
6.50972 0.0515245
6.51106 0.045329
6.5124 0.039132
6.51374 0.0329335
6.51508 0.0267339
6.51642 0.0205333
6.51776 0.014332
6.5191 0.0081302
6.52044 0.00192812
6.52178 -0.00427403
6.52312 -0.010476
6.52446 -0.0166777
6.5258 -0.0228787
6.52714 -0.0290789
6.52848 -0.0352782
6.52982 -0.0414761
6.53116 -0.0476726
6.5325 -0.0538675
6.53384 -0.0600604
6.53518 -0.0662513
6.53652 -0.0724398
6.53786 -0.0786257
6.5392 -0.0848089
6.54054 -0.0909891
6.54188 -0.0971661
6.54322 -0.10334
6.54456 -0.10951
6.5459 -0.115676
6.54724 -0.121838
6.54858 -0.127996
6.54992 -0.134149
6.55126 -0.140298
6.5526 -0.146441
6.55394 -0.15258
6.55528 -0.158713
6.55662 -0.16484
6.55796 -0.170962
6.5593 -0.177078
6.56064 -0.183188
6.56198 -0.189291
6.56332 -0.195388
6.56466 -0.201477
6.566 -0.20756
6.56734 -0.213636
6.56868 -0.219704
6.57002 -0.225764
6.57136 -0.231817
6.5727 -0.237861
6.57404 -0.243897
6.57538 -0.249925
6.57672 -0.255944
6.57806 -0.261954
6.5794 -0.267954
6.58074 -0.273946
6.58208 -0.279928
6.58342 -0.2859
6.58476 -0.291863
6.5861 -0.297815
6.58744 -0.303757
6.58878 -0.309688
6.59012 -0.315609
6.59146 -0.321519
6.5928 -0.327417
6.59414 -0.333305
6.59548 -0.33918
6.59682 -0.345045
6.59816 -0.350897
6.5995 -0.356737
6.60084 -0.362565
6.60218 -0.36838
6.60352 -0.374183
6.60486 -0.379972
6.6062 -0.385749
6.60754 -0.391513
6.60888 -0.397263
6.61022 -0.402999
6.61156 -0.408722
6.6129 -0.41443
6.61424 -0.420125
6.61558 -0.425805
6.61692 -0.431471
6.61826 -0.437121
6.6196 -0.442757
6.62094 -0.448378
6.62228 -0.453984
6.62362 -0.459574
6.62496 -0.465149
6.6263 -0.470708
6.62764 -0.47625
6.62898 -0.481777
6.63032 -0.487288
6.63166 -0.492781
6.633 -0.498259
6.63434 -0.503719
6.63568 -0.509163
6.63702 -0.514589
6.63836 -0.519998
6.6397 -0.525389
6.64104 -0.530763
6.64238 -0.536119
6.64372 -0.541457
6.64506 -0.546777
6.6464 -0.552079
6.64774 -0.557362
6.64908 -0.562627
6.65042 -0.567873
6.65176 -0.573099
6.6531 -0.578307
6.65444 -0.583496
6.65578 -0.588665
6.65712 -0.593814
6.65846 -0.598944
6.6598 -0.604054
6.66114 -0.609144
6.66248 -0.614214
6.66382 -0.619264
6.66516 -0.624293
6.6665 -0.629302
6.66784 -0.63429
6.66918 -0.639257
6.67052 -0.644203
6.67186 -0.649128
6.6732 -0.654032
6.67454 -0.658914
6.67588 -0.663775
6.67722 -0.668614
6.67856 -0.673431
6.6799 -0.678226
6.68124 -0.683
6.68258 -0.68775
6.68392 -0.692479
6.68526 -0.697185
6.6866 -0.701869
6.68794 -0.70653
6.68928 -0.711168
6.69062 -0.715783
6.69196 -0.720375
6.6933 -0.724943
6.69464 -0.729489
6.69598 -0.734011
6.69732 -0.738509
6.69866 -0.742984
6.7 -0.747435
